101916
149213
652248
274676
516052
873188
642246
561677
48684
327080
92169
773074
755160
807469
509377
672537
496612
291606
848259
597044
546640
486572
191023
589236
825306
55251
351478
521166
141334
207538
213353
992429
483948
543321
770911
661030
820922
607604
238978
113305
707828
69652
660976
970997
247391
231015
952092
359633
623657
57268
100374
81866
121311
495804
892337
531447
97718
162078
324993
586567
926920
207037
383539
707828
847507
167261
90672
834259
934400
986942
965260
50605
927826
620443
856580
338732
573349
990103
3904
343796
176115
439300
223728
657231
938563
100628
380460
944254
386750
424706
428553
503660
408290
141827
486501
477782
363784
284882
559561
586341
318721
365370
229737
109179
862342
722543
62143
917641
737497
648398
984613
886890
353655
325519
391729
702650
989090
938226
317045
534069
178218
39956
558129
842926
155164
857728
945992
903693
442934
709265
566160
969793
902580
896222
497033
433329
397625
259697
349024
415633
588654
722218
972935
276185
263964
350107
628473
746021
91915
855322
186944
954690
695913
387443
185933
149056
18859
127937
692476
583929
378121
600047
916557
863379
344719
355482
291072
665803
751577
981104
736131
756575
945241
567193
26521
586363
419682
638316
514780
593597
809496
963591
993980
507976
495066
699109
286197
847404
967980
302496
994296
643022
228960
63417
651181
9577
782043
201564
710061
983437
745037
389555
20043
344856
929664
904471
228724
711885
399285
369413
492840
869479
605501
565527
461949
312989
186557
122878
610610
913610
590430
29189
582098
103690
880111
130383
782522
225695
424930
9841
328620
367620
666767
949691
360116
883415
73486
701054
62190
594838
616509
507763
260258
880525
465590
56596
147037
630699
50090
678597
335405
720614
252296
618358
178781
919052
789505
993631
111615
528907
477456
523583
542256
738986
975878
567807
561347
532245
973333
419929
408489
373208
178589
274557
137663
945933
108253
85952
890577
973040
483397
260254
79430
136355
625183
55098
859858
489464
31266
108913
895304
741466
258113
937374
529962
418785
324851
854532
418233
644173
561623
967695
982307
476640
693167
798146
3086
240122
862327
50855
178622
334007
625485
113788
698374
322469
491122
508855
694885
889767
151287
250877
164415
985376
120868
667633
818177
515469
53532
515349
824893
691478
509030
676791
990202
520717
521334
668339
882680
913993
407967
763615
435685
664171
735461
396056
862192
53791
507720
58992
919255
496973
980144
664664
70251
67614
605664
387770
69662
494045
872448
707808
941847
788111
708872
659422
300901
462688
873241
676499
375119
761601
196165
544461
472219
940213
58451
181485
744149
449092
905612
330297
388219
195337
552012
572252
264745
20702
109424
307
936571
38371
396308
755490
921253
954560
381296
530040
211414
975727
498507
595666
120776
267518
29945
892116
963749
393444
835778
455767
47316
518768
437517
4367
428568
25648
595696
675231
291500
129815
676480
995514
982802
444772
836173
84267
697269
348946
366599
902633
703380
668890
811446
329701
911137
249773
584962
500766
856463
779753
766918
922042
449460
644126
270703
326045
915402
98294
330960
616422
580379
269915
506645
760697
884160
657764
636337
448701
467607
836376
877729
160676
79160
447010
913724
428834
235351
857518
218454
282370
226382
483490
803140
784806
960256
891124
931182
178506
390021
589278
231214
58710
123113
986257
646467
871450
999855
598703
221302
975102
86557
124955
10653
1757
334829
624156
444809
878925
663761
123156
177668
964273
647269
113873
3643
338895
835303
59342
623752
91980
454144
339876
52784
543807
764842
382224
79822
122214
930266
610630
585359
567648
705134
347104
230065
26016
855489
303738
765605
198622
214772
732530
212381
863534
86007
105785
828625
210534
634409
305412
739678
599606
525917
624134
895084
574775
793989
737765
661936
137900
525355
49092
425101
361057
348117
896630
478345
190032
57791
880140
334072
809336
867539
867862
991408
257047
23634
101898
732830
981846
68752
199481
192526
214449
309968
38042
289734
554469
33762
928377
798285
733260
500118
396877
21733
266985
266450
965675
913094
503327
494680
816915
623589
24216
14143
94569
429073
398320
227474
155421
592557
980363
944175
98801
760763
817199
269609
428383
573068
173450
318553
246123
987836
72087
889119
630419
838994
905479
347455
926364
543866
498513
364142
609833
491963
76712
156034
152296
988459
509361
977182
377671
311924
614671
14096
844345
620801
256858
53767
158116
787725
335676
303817
808604
332480
198341
161643
475198
299966
316006
704696
906227
275009
603976
931293
21675
755202
179984
217856
64469
990403
608363
967841
474951
159634
938059
457954
475267
951392
340513
414055
656011
796950
646817
325579
273139
738111
35584
488742
733571
495666
968924
2745
784607
443831
109845
403867
180622
958507
917753
6709
641877
727356
729078
578020
976788
802646
333100
502205
538442
139065
335608
867033
915124
660861
327149
991047
477353
666280
310297
678711
33745
154218
480890
594741
273709
63675
355000
385775
856967
154536
169343
621824
509757
73771
950029
582690
912336
605826
857130
38098
364994
210930
774489
15466
3667
10978
715500
874942
533589
700016
559865
825198
318058
414648
779122
667757
784823
824965
670342
727643
279466
364989
847696
899915
369515
22565
87715
66510
808570
880699
776368
361841
432070
652655
748311
664462
872924
504099
642150
532267
700872
867581
340157
791265
3357
56573
790966
903424
73197
901088
70980
293329
310576
194064
703477
430015
676942
776449
868131
929350
720300
281410
322675
11321
46188
387123
243842
560594
598387
284295
914232
995712
759038
583448
407602
867274
965934
566602
298257
389683
972469
429214
564421
463113
622573
449853
702994
208282
935371
95327
548065
573109
148004
412896
167983
485249
747488
671168
900692
311102
413515
631940
525390
249431
315828
489940
428403
664906
669137
135049
509190
61379
129059
434188
9603
298388
274016
489875
333471
769242
399047
365107
910696
286218
451375
618720
547526
132473
142311
462205
723935
346752
550041
679280
764416
99083
9493
639185
100197
207241
125281
278313
707492
909538
860346
976005
707930
283856
73059
491237
348168
5520
491289
917144
285432
709444
384526
721820
819029
529136
956803
654183
955758
680193
369560
215016
600344
993167
460604
206169
344977
659717
413162
447670
567578
657812
644240
191597
405361
932280
741890
674777
443068
415754
262788
280361
109038
602306
983085
653685
25819
344022
38102
771700
131248
561952
901668
149966
703388
957272
551087
519150
317104
485013
545940
493618
79616
49664
22151
337510
409225
894428
318863
448342
160785
620267
804873
914643
705805
706775
576488
519367
661062
133789
345750
392385
612314
581042
333991
999360
838616
359215
47257
845060
893063
320598
821430
486711
816555
969479
652059
328690
532845
59888
345521
779947
680278
925313
580337
85563
114574
714318
933100
634134
784592
996787
644891
992481
847898
63720
17863
955024
923647
782924
53533
74817
312546
391018
236794
109478
424751
403158
714985
140732
814737
651041
671896
157684
733001
756463
912384
727529
876625
642316
766351
347174
548744
367111
543651
218999
901957
380008
107333
697886
284925
436961
63894
712489
257938
993791
68173
243288
109061
601759
781455
555046
177441
492825
689391
324391
842132
38685
547661
475734
324619
526860
136847
482232
553465
671662
989786
383868
492407
252933
574185
212001
403908
462503
446225
255438
810000
514865
707199
476812
212119
821875
448848
30591
154250
719457
550796
264447
828283
852275
66273
262081
470914
888132
905038
343971
213724
102492
448953
30229
251347
423442
635651
989088
962904
881960
129139
405897
834131
693235
117464
400150
524623
969881
505097
279210
855528
504991
663392
163870
145829
407295
824127
49551
179513
359615
131861
108551
821661
965600
393587
917517
208419
110548
151637
67427
522765
634653
219465
768131
565489
782484
853744
601549
482050
36428
856704
870954
582204
315058
511089
3271
92013
63861
100317
808598
993852
615317
457753
686498
545803
318710
99095
501062
4926
772630
986979
518406
853353
825779
287859
172640
131577
312723
749394
41937
307048
76088
834886
54846
572542
453257
135785
478499
997992
198324
364132
774482
619756
84375
871835
630379
494418
637252
121789
727650
892234
942436
155943
329970
979293
320303
796077
923619
569167
600209
408137
984035
625981
115467
268767
179238
947402
825358
864438
723733
253187
447323
591293
258307
724691
54338
401515
559888
888174
233947
760058
18766
207315
330286
272674
451003
603501
415993
562291
172501
270452
955573
438524
747797
73972
272556
424126
681464
722724
270520
992059
771611
845922
536565
339884
501228
987110
294703
329918
871985
682546
526682
462049
767484
487846
273666
190308
494929
670322
395697
520584
421495
667754
608565
667867
619960
442588
125648
40278
205795
652621
66952
644680
825409
64361
775094
101519
600877
602822
281454
334729
405406
642471
129557
638236
933247
12066
416446
837057
767457
379044
788761
739548
187126
182237
783884
787515
749792
800864
19519
518350
674130
408282
478802
900850
265882
379931
849993
735486
522502
287289
397424
341599
279946
356125
853682
834620
20514
788693
545546
673252
115796
73953
138032
604806
76273
785476
260170
639976
602269
269517
838157
176489
328367
508217
565084
972700
256010
642957
228146
853834
570628
463668
539666
800646
876929
43236
184312
476021
696523
331153
588967
586186
970975
719062
621527
618018
979268
688646
407311
563948
967439
714269
788648
754895
195368
622865
913301
39087
908508
287039
365899
864
910668
978345
578305
384441
912259
270787
425358
738988
35867
212281
496278
574728
322049
998867
364671
530113
232965
504986
82691
201747
682394
285280
487057
141392
568768
359485
489900
175300
734069
422795
380798
295984
732901
132705
6602
958312
290849
96050
231565
925870
128502
626182
425861
982297
33291
815050
207479
603305
166777
559975
990188
25799
520490
445884
737143
459972
827259
99899
88146
249510
297592
389232
50746
754595
231201
105527
864189
454621
325155
329123
518967
489132
603990
77078
92602
76664
106573
20235
470213
190965
350946
501488
835072
870301
415497
585939
780514
22149
761755
53363
30379
736654
713176
635130
818470
446872
176432
803889
36766
725278
140023
222216
693846
267121
352291
552093
702969
845882
875847
8891
258232
786084
85538
950653
403145
532295
747496
925281
6590
664030
850883
259345
764958
744798
740672
891352
71906
861986
253840
159774
280724
940241
882982
309959
712958
142480
751045
106801
398478
555030
40237
646797
650046
274233
753774
788352
282787
962218
131637
997697
976826
386467
398555
745320
524529
928193
697567
332695
636628
62639
713978
147990
790719
66017
491411
698599
284290
908007
313745
948510
887559
126932
922864
519196
175496
935864
610685
188979
376029
365706
947197
10867
578722
176110
49244
992147
516881
714570
276204
53798
555071
871436
258821
726834
423124
272116
332767
714273
358888
735577
133595
668132
42125
918445
24100
773347
581439
645605
654436
321345
435020
187863
829283
899746
101804
259254
331318
508817
514914
296036
928079
789897
679739
365389
726274
752586
917292
362168
738844
167346
374659
210371
417965
715366
819753
260827
274824
370668
187965
283801
474960
227235
936263
211098
785359
717397
320529
837858
553796
467402
66588
528005
966322
351055
454998
968558
208135
727860
923961
390993
752577
569795
887099
872731
262641
6068
835949
625825
787528
83780
588773
457124
29404
20654
829131
667342
903405
36851
361634
3402
97486
5773
875579
71471
965296
504262
343342
75010
313642
606995
673276
734957
782001
802696
804105
327174
145308
935255
715268
818679
122669
549194
323081
572714
569625
365503
177505
711323
533518
978180
189036
864645
6998
847623
534070
692461
477248
669353
744681
750950
493180
30754
853105
5944
299433
161484
187627
994021
319299
890922
183008
941840
818726
661144
195228
636774
591147
255980
244114
369702
217137
413546
834169
191836
46914
748914
966531
391648
471883
572528
296307
886654
463449
536607
959766
966680
651540
850716
476112
265
440989
271974
722898
23498
133566
468529
706333
90900
22032
391740
733784
803954
998385
819412
947466
780880
23091
906433
839322
346930
396772
819624
365830
937477
926148
756412
214728
170864
88893
609211
619172
21606
546740
181208
807905
890764
628778
665845
435197
324436
780841
627303
534752
103454
836696
842439
160513
99376
784617
601221
133724
594802
390526
196082
95945
438502
952138
927511
658649
684169
575618
925603
190267
258873
6343
404141
454760
33936
27669
114858
941033
400809
883825
778003
985542
560311
498834
410910
98150
589823
60977
134667
859992
962822
340744
371928
845158
387777
814160
432836
478292
431143
193597
733106
288340
276388
259172
168531
862388
606467
234223
338089
360282
110578
10355
966562
343393
896068
105435
687932
328353
208637
7193
970779
851868
340583
633207
116809
984862
67547
393064
393052
198042
310368
184928
672480
675875
890028
39810
626040
512986
623707
774684
831499
900723
708391
928430
200316
760104
792189
413120
749
991221
762058
10251
734546
469459
539161
883653
179504
135001
362627
557843
458579
399377
270866
908555
60854
818203
959743
23907
808796
204016
863633
276923
105979
775757
995860
129427
969674
835082
492662
853063
599912
844136
647064
858668
438609
233104
518536
190206
884835
289875
447699
29234
292549
718904
678869
996414
72608
261711
840412
614605
98259
564218
599236
340378
107069
828377
506765
518848
142839
345478
140971
892947
41785
246184
808328
977744
513870
862926
305134
200533
763993
65423
414921
676350
104917
194826
421152
318265
420278
76577
270773
774109
412456
744362
664965
25123
855988
789621
577564
240256
487184
123305
635634
8071
956417
787704
680404
993559
272247
235784
833654
351960
776624
618855
168587
208027
291461
652008
711626
740613
136266
329384
335814
103528
708123
561145
714226
319044
599745
851398
933066
623564
325649
532073
640947
207897
136099
67780
720307
82573
656884
482635
548794
807439
28175
333105
960353
778301
262873
577751
454537
633660
75280
76613
219867
804686
216273
119638
650955
307199
406264
179422
955597
863841
77249
623621
274426
136423
679502
156762
570477
242206
794697
436492
730926
126694
698146
226394
584652
149165
971534
255767
456193
440386
966467
512072
723632
282263
175848
443890
11707
443753
851198
399359
169098
138370
363558
760985
775262
468365
564988
367394
562623
145737
366971
518600
656060
785894
875044
453310
360570
366167
744604
379886
672648
66063
665197
51309
540835
681888
293166
195984
71965
349501
711996
556791
313655
587793
48030
993976
167910
647563
560082
667724
71901
967562
562902
132387
783816
22732
49257
759280
990842
431785
315035
699006
564467
497105
901252
805937
258202
94763
284205
640366
252321
931038
944169
289297
183003
656445
996766
173235
403381
58967
456711
529475
757458
243510
955150
647744
712528
946785
55517
906317
411639
115351
694299
146929
657712
578784
552982
97117
450379
42693
804574
608709
334400
396433
2927
183221
655643
107597
690021
760126
249698
506834
417616
650826
327334
585251
5332
649250
720921
430404
460947
684123
111447
624453
509119
357870
533906
553250
65463
282508
911027
347008
545842
949932
997275
304920
983204
854063
13518
539146
854854
331639
61874
494716
351566
486319
975004
118302
364258
136116
12187
99605
368701
962710
725727
950817
583163
126098
27233
919909
145942
804272
337853
652462
989709
689603
895305
435926
689436
705082
743619
924153
522824
957655
632988
89641
691036
455631
33346
66752
313656
825431
638206
960479
983591
887892
565033
156427
80473
64433
573244
972274
275864
17671
887821
765457
177399
836858
179682
143557
795189
867253
279286
752116
154674
695074
718236
292624
145487
223021
10182
563628
293276
488360
994356
583739
875608
290330
103215
181133
369667
802866
258581
472845
165768
682417
179484
523938
107028
977483
716786
122730
989858
781119
548818
318172
627588
568579
414191
455936
164183
488972
649347
513263
990035
296466
490326
35993
78124
456147
296389
266689
335402
561106
813702
738983
764568
718342
261057
833895
884891
820269
404522
967500
550591
897163
985044
116287
813667
560244
93476
826859
795972
563459
203807
378928
224564
930354
972810
307483
872937
962162
353810
62080
744319
518892
215261
274067
402717
158111
805457
208466
155016
273154
170926
742145
26360
502224
575491
212744
445591
847347
948359
56004
47598
805127
219721
857007
47460
24468
534587
750771
779257
69621
434525
51053
438282
138688
950729
787906
707166
772952
809973
761107
788125
501448
19636
675933
771258
756295
812445
530009
975530
5435
917895
319646
108071
331900
246218
437243
223248
418344
742819
244471
895491
488910
593954
472710
708084
72717
204015
875262
711123
251276
456084
561844
267046
707889
651177
635448
599693
419427
336784
442952
811184
183340
394989
459961
17714
159289
692048
545628
308614
461489
459856
690380
857020
843155
778339
561188
567054
595851
900438
531604
796497
690948
973909
961737
631559
309974
256291
441703
424504
264699
655970
229918
975686
648759
443403
767066
508706
205503
563210
262183
262923
686780
222558
926768
92878
663980
137945
717107
375364
843442
708348
134151
607794
234262
852619
508390
103039
37741
123242
972258
146965
690534
114682
752198
48080
260976
339462
61430
988757
13410
593316
773610
720211
865065
619229
162788
446410
18869
709237
908109
882036
858489
309581
806449
933751
471911
331191
875357
412924
871616
232995
513992
701397
388398
796995
497834
174347
364821
747143
538483
587885
887116
46360
190032
957924
963847
428973
636932
915990
238985
172218
41688
456623
780259
88747
603031
929833
150899
6678
260178
905335
633893
247720
947414
877935
972401
361783
654411
983164
940705
108521
366324
129760
398441
900082
276565
743105
281897
529367
989189
157192
178089
31141
525605
576297
8019
562494
890237
645757
494699
853638
450558
936722
646043
206436
730311
860371
609628
194018
196546
489920
67681
929035
332992
104221
368779
180256
985743
273708
373371
577398
501430
51990
383624
200425
3125
101882
100220
742195
462711
69759
35793
571799
413710
711444
697442
692206
435669
689956
151678
862479
491429
675335
311459
185107
425856
808754
516218
929351
844234
265309
251951
919004
112623
125479
383853
363273
69141
750505
175379
467007
568749
15894
210421
752367
354520
649374
287347
642424
167975
746307
772756
394413
578050
860390
118571
491002
119584
315639
367405
705616
334699
173132
122123
37956
400727
482960
306232
406757
645872
721395
810396
33791
446248
942236
254853
671720
274590
320302
818585
519212
693075
506440
676204
720749
142678
221092
734361
990469
662532
702195
221279
177644
55163
339287
637220
477807
99193
682858
370069
170532
154317
151915
45838
467459
995668
805063
834488
472750
140154
709113
457887
961539
403583
886469
138852
911747
386461
822391
664805
645874
485610
839439
690930
591940
317066
886288
275813
415569
513984
867059
841236
602404
975839
381156
546414
105768
290919
276114
687473
385189
970624
401594
103850
683418
773726
136467
59534
524415
693480
942739
558029
924583
228399
255943
999704
128357
293582
628639
836904
847812
224159
900158
479530
94723
269202
171000
144552
61305
970075
376655
64394
856281
856159
809285
790707
619549
282411
347408
277627
46679
190036
618282
423155
443822
402310
814554
718459
405816
424618
315024
607204
194048
832156
126339
355757
632773
916974
62137
26488
777438
276888
221924
723594
541818
939227
413434
483527
538391
718526
574006
164347
433532
229515
239236
503300
611087
634449
641634
227356
51714
903520
285413
238533
171378
348466
963337
783501
584686
928354
76756
726623
204106
480357
744824
220759
884477
686212
365682
4520
63011
774156
346034
671742
455483
767743
660855
120915
725381
776941
124141
850914
409602
984929
392116
214235
369691
896637
465825
683760
842581
239248
367867
538199
360581
816511
110088
506171
284641
209545
635767
149892
16451
674323
286620
632814
100672
747479
575221
143142
740153
894655
195523
789476
491996
712649
698155
467479
277686
149265
537393
980063
558762
348876
542691
237074
322226
904823
74828
307951
189631
459094
710117
846547
844562
588182
20482
698150
605525
794822
349906
183758
692656
453095
963552
915585
504675
39244
688006
944874
652380
126658
942720
843101
459970
942653
964559
833518
412214
198556
672719
614041
639302
827813
242790
716052
427059
344714
260503
552214
246340
37046
536347
425629
106056
155130
45657
364913
258803
313892
353520
49931
543864
704652
530004
222729
384013
944521
609613
272304
764221
772355
624436
763137
880788
72618
822459
763436
451655
587593
891933
911466
378962
162875
912559
244572
503650
701538
206149
158306
84985
545539
744426
633278
582756
320231
472686
208341
910202
601754
896061
12402
331203
573971
74472
733167
30064
981795
185277
823728
182015
79853
127202
106329
599218
134944
182914
449866
449679
166193
888190
118113
19404
42686
576967
389792
683347
180081
449276
34135
689058
369348
549419
499951
844604
900419
310253
180226
71738
528194
178941
355812
733934
696088
674959
930852
697308
644110
146679
639887
955387
904890
586726
182849
181460
610448
26013
188316
656000
813428
709491
561821
681224
647711
413339
777852
502755
908316
978434
412685
840034
222755
3443
446054
992201
498544
262704
382623
405829
162432
231737
495884
589539
506412
564937
512662
651969
684582
357387
975595
886562
878290
468160
588449
211973
642609
149566
733466
845851
296244
938842
543355
994150
474883
183451
336058
485912
20880
437061
148600
49922
109081
285915
240716
182207
881970
408836
946476
538759
568752
469532
566871
956837
539043
217329
672255
431626
359747
803134
272477
302190
917213
846657
241103
588184
291416
88289
320451
173750
264192
238193
654175
292488
908542
282360
52532
678963
59516
704566
721259
571721
562886
912307
179656
108840
627075
316976
864346
828935
319506
584724
472111
156500
906714
432558
343932
7392
379118
820758
193689
252730
196395
727983
683560
397071
231082
290997
806080
698694
274889
646315
811481
784239
689996
239091
815288
729809
68421
43573
174686
358522
947242
839179
691672
81859
764917
38677
203294
653583
996988
936645
262584
639214
430808
948035
377418
567394
33038
481726
814721
83361
416969
394061
624539
848082
310471
519056
628371
103754
49795
425961
211246
948424
49159
314857
311701
680964
559674
464089
919393
201032
93226
303462
124065
422853
727171
167645
784249
697734
223887
604278
115270
785906
574218
732334
197904
985248
184538
646276
33310
975778
85563
783673
95035
471762
472070
325854
550881
417044
673125
603238
452966
970514
457881
572210
615800
116597
740679
235952
678634
483941
536098
787756
104150
866854
973453
802454
458963
958545
837394
675591
585445
902260
666903
244750
361915
298523
154896
994389
822196
535271
379141
952238
424615
582976
759792
1232
851858
532468
308250
864825
517511
648222
396510
562427
744358
688775
234605
467998
771074
518540
159978
581735
908279
908997
621125
917877
708205
796419
243022
426112
504023
295742
176200
205670
944634
703377
108314
661540
851446
446125
483332
143483
712894
939574
581042
244794
517332
600891
721113
85118
844952
357330
695150
50880
58334
871424
699326
301845
781553
922387
43691
793309
976903
156408
490289
949224
993817
918455
282167
814055
530389
504378
766566
885491
275960
117508
584339
131595
575403
527355
976552
670113
378195
710140
164634
902899
577720
140666
384020
201894
531534
951692
34648
689532
876353
836737
460523
182079
850702
612496
786794
639469
667484
888065
15609
570006
912310
506914
396406
566098
194378
388326
7946
644668
850646
285571
953072
393293
736482
773292
729873
721861
320968
752749
897789
735777
92684
633537
488831
214839
970419
192933
393873
235544
682678
86747
97974
890475
132479
438522
889183
65309
793303
645813
8709
353808
332130
167863
318324
394409
633949
500551
596939
460841
368846
150864
992138
103690
494628
674952
382991
837107
822838
497567
534576
778058
1760
780541
946649
185206
37885
559659
703857
850280
218983
267568
768561
252151
506674
722600
232347
252701
66920
491071
723127
333434
379773
863497
570357
100576
327602
809951
675601
877043
75771
395839
488002
715157
142103
911452
359332
892498
536322
7781
825994
901995
697211
297809
242977
496850
716860
157773
919635
748472
514005
99904
906588
913658
874009
494948
708708
798499
280721
763345
503138
11785
130546
358691
933062
866859
712496
750608
610388
310045
754146
529910
127907
125517
890321
347308
841344
42967
882272
973359
771141
652995
339471
288386
509565
271043
831096
34134
968425
833230
171446
900835
811420
201384
574556
559853
331161
987843
235294
698799
620331
862998
264875
383633
406975
83289
559052
930779
677975
303517
252366
894444
164411
623156
924209
628809
150785
610352
571717
503124
43176
271052
113063
180693
697042
113804
187670
807702
555049
38788
558022
913839
298252
157170
421338
385472
857739
977466
162508
259055
909965
469957
919429
925293
190598
319662
134307
385995
511880
372882
874571
548945
717816
588466
744248
393281
720317
52795
900678
691562
361868
78825
758322
773661
810570
81400
907971
214484
90385
167547
878117
593842
619922
758767
644724
872626
51433
499259
92915
229580
848843
663350
718492
403194
869244
132334
835543
463373
947962
495911
63281
478291
847593
849214
805736
761436
159693
475023
385289
363517
115107
785453
68124
566515
518044
871930
533589
431261
625743
610995
555588
81079
626407
345744
885438
159758
973973
341839
682962
233584
486727
6667
37240
476311
326742
418942
231282
792629
208052
968762
874800
599323
183980
999226
185761
606717
924188
98624
749163
296792
387104
592038
902651
731194
864612
660752
994440
111952
512552
333572
776386
462416
706160
440327
321638
85316
822232
837012
854925
769837
708561
985137
378953
463296
786203
247287
348354
643973
415410
562886
329233
77205
199047
997441
233535
88565
485100
115032
783097
111136
722897
847738
332139
894444
523888
333328
658324
852473
235384
702481
784485
72712
903282
810770
670589
843309
780411
270739
855375
395392
887274
559543
723132
487506
550225
516117
335157
907936
114762
456710
524227
22438
626627
152952
537790
2998
680581
68780
764786
173169
704147
83943
99257
267982
695516
216816
624758
107288
913082
151640
887258
262517
225047
524955
362107
955753
642594
686831
91450
117456
29519
5268
455276
116041
847087
381838
80761
851496
74407
460322
358883
262983
366344
144456
978402
997859
787633
257020
752969
942858
233020
169920
878383
712390
476497
374604
505240
396964
359099
246791
358044
350038
220270
751385
170085
673248
433950
150267
776192
520126
61700
860945
859325
180522
803566
922631
825832
464997
70599
772585
192589
557035
686481
371044
272063
875386
542449
439946
427239
813204
262189
736955
392304
798922
972863
314300
942989
297296
554750
11958
470348
129913
562494
431820
623966
864944
845700
842201
422138
537664
377566
580658
646981
415998
773835
906381
750165
530676
770550
599471
995052
380490
869969
11015
98274
741520
558408
314771
761593
488513
749041
786868
967255
983409
11459
102084
824544
761885
860934
247400
885072
966727
880815
731073
434668
164831
877635
109471
725539
542932
786510
54265
747211
113107
277545
760817
51655
557823
63508
316062
66126
748074
746821
669146
894427
144125
905145
815675
555432
515872
379840
791659
262650
770168
878143
578667
957895
498708
611276
714122
544847
112714
495179
873850
96782
945989
777526
730440
521597
216411
9387
522750
924090
699609
608259
234955
587002
545917
856021
57783
312600
988161
870741
882704
703863
769711
556214
387281
3002
246372
404818
636834
670365
233738
668060
933417
652496
288419
537149
177445
312334
524160
904358
172442
483322
18911
600787
289100
218730
444875
70503
447320
99870
994698
836061
747771
830608
858945
57744
68989
608300
776624
70551
409787
311011
769972
921086
68933
318348
349237
852852
41290
17535
578718
388299
593434
61306
78178
123535
743096
336564
355646
789438
330725
398527
510577
167261
442698
880975
393447
868695
659088
858168
942897
726291
145779
34054
221730
195257
87001
563940
655970
85257
703068
353695
189539
954281
748714
387709
398079
792534
95995
546020
236187
792941
913148
791033
825427
699916
333003
795154
874289
776
416935
356791
472148
114057
679079
704136
119917
76860
197310
292568
384633
401525
137713
955198
35849
387604
280646
469934
949719
313645
9340
682615
672183
937495
899802
280594
474560
266387
800800
839201
584491
188962
672873
387896
834494
155603
746991
369541
145629
665171
631690
835223
536005
377858
725135
649844
699407
450950
825838
372609
632425
952350
173967
154132
864935
547099
218653
644552
629655
136698
92213
223772
123720
117746
94758
715443
152004
983538
332022
695347
59595
986123
282031
250714
442186
26033
301633
140722
123961
702069
890245
784146
691639
890897
481408
320341
820393
871106
341469
253594
376543
267976
160362
803277
380596
472138
450192
142813
997106
835969
861466
543745
100823
401890
784968
923131
327488
288625
647671
352886
460685
591017
125606
470648
488758
201463
315257
992849
902800
273216
891034
884888
244302
649346
829399
141497
237057
29243
851398
358075
252170
82013
286442
52435
14420
158933
884669
759782
888729
105546
279000
100461
718537
25842
750561
588279
740717
468899
151974
810363
901956
209748
434230
109040
893804
249400
741269
874296
718984
460325
816698
654641
784364
961722
192011
932085
775355
335059
577537
792909
463131
109558
881343
302785
154424
895127
247020
384580
730803
21566
406960
287480
389505
235379
955532
153286
152007
796349
961433
719487
783471
159370
28912
640920
491423
840184
88072
633253
77158
567878
289417
656213
25353
342776
685235
499093
756097
465517
941595
283654
475228
183841
923646
508399
892600
425400
765809
626237
356987
334394
54726
106742
467203
12082
104129
456902
229117
843963
302497
923594
657198
666366
487109
294448
638204
718467
823792
529242
926597
765002
68040
566837
189819
833095
846963
144070
588816
967537
596945
641805
43940
441223
253107
604806
549759
777547
986453
802475
98558
925342
824941
69970
991803
407585
631314
203153
928741
434413
919664
250478
950570
136506
489202
139042
482648
9416
694119
979466
540402
852525
532442
800426
940668
113207
226289
596783
761725
361969
160042
508924
875726
893235
254307
865128
319918
897747
858978
837628
278517
215789
267589
719848
244649
531241
834431
631238
264116
405237
108995
685993
55383
805075
24983
925876
544156
323761
40505
874294
753284
971267
762298
99634
194768
658357
267356
697840
792395
888449
193697
367259
145450
747836
660947
964901
674145
673590
63098
792329
597359
19647
338509
563919
837325
15531
716633
700789
730602
560265
81514
451507
621445
36735
350245
726029
68736
78500
715030
792555
216710
302843
194520
599304
730217
668741
946322
23727
128164
759039
589154
271804
741078
248622
354615
407782
570765
406973
512557
261331
131589
772653
907822
903466
694381
104971
551008
294179
730145
189242
121480
758847
56796
52479
753895
673783
174213
182851
8118
582970
487651
876803
189569
294410
333452
535928
628851
486205
323123
894553
919493
302071
231966
903969
415962
152053
565063
536899
775795
691181
142124
821587
108275
320119
546036
411591
411421
840229
186895
406579
311166
405162
732052
237210
613069
145302
806894
652872
69688
66090
626099
584819
43906
464537
529169
322507
432856
795700
420455
610631
926433
230904
346183
956411
541263
71193
435294
862306
165254
53635
242962
396678
586514
90471
378043
140001
54707
811961
749481
409132
898265
242002
918734
594495
506883
654277
989940
90300
506998
43897
428175
817742
201856
640038
725730
489082
614486
382057
264481
852354
129821
642741
742058
712296
968845
591407
509285
514867
173306
44318
772549
403290
814190
126840
860879
119406
804618
16284
94784
752543
397739
932452
369915
919858
625042
668228
555706
722172
246005
611725
661515
353484
170762
582478
883180
893156
818165
978200
666737
488217
74475
405489
39525
782427
970427
246714
103183
35000
904890
568241
217998
727613
728852
55133
746122
12911
47091
75553
918063
889505
573009
34109
545040
146919
553160
223290
937250
665271
109656
279233
827264
367323
11296
881424
99005
514251
663358
101396
310598
82902
369352
826250
918972
341971
452043
495654
872836
56689
68681
665871
191340
576141
227472
37076
707015
956907
690081
183960
652448
983996
248623
654119
947231
646697
884354
713637
979188
444529
346983
13356
13700
481940
767091
40317
882781
437825
810251
921869
488393
606456
535824
310367
271075
353275
896152
738149
560367
145039
39133
43322
23229
154792
28833
574919
469618
322057
207251
85464
525930
147073
660082
479478
858350
917418
246385
368873
825233
909631
667907
722949
86582
663904
935708
30382
432858
693494
805136
251566
802872
191652
679726
688037
794780
57532
220496
149590
698902
456356
928753
77094
477354
244207
122114
96891
274094
14640
610584
870098
242725
753380
116763
256385
108628
772359
411749
145875
635670
516553
299022
341425
653993
426732
225092
688161
849423
661210
192968
391831
937505
878021
48428
511068
225529
371987
215934
486549
826098
652489
203314
769219
243980
615559
589801
213663
235255
232934
819543
278799
97058
437263
792694
325975
418349
732032
224403
225192
98233
554899
811407
254128
863229
201707
355610
449453
431916
276701
86380
282752
954496
920968
612106
58854
915356
253557
837372
673772
639363
51552
958224
149577
240738
885910
145184
120921
935936
989439
24130
374924
465483
118257
721723
518075
191750
78767
974047
106254
779907
873563
468791
673721
971745
838081
968200
994826
680255
715682
241500
17202
324948
712103
563455
144489
745577
691531
671857
249986
863540
520955
485149
549834
667872
948598
519762
589527
170250
262594
290069
401285
92539
845156
652823
952440
696869
1158
627987
698213
591669
442514
960217
831702
981116
883291
580451
614009
606584
583287
579342
994130
939654
730667
303433
137559
901708
148881
793713
137595
522165
757328
174800
303538
341000
580753
85950
548094
37245
485739
14936
387496
644496
482276
941051
825967
185235
361744
797503
451282
582173
412035
955768
732575
351282
794258
715292
999009
727423
881749
66864
401342
584536
595010
422114
194555
453350
34669
802938
52927
435565
581688
436448
983574
43965
536803
80041
913527
623864
124951
956792
977902
913753
188075
731398
725308
447660
176783
632819
340811
589953
124496
274665
921326
830120
567639
599763
142612
513858
83648
314680
44180
60318
946703
965662
76309
676867
322447
784040
465818
376060
418169
534583
487304
551545
160859
435046
806290
216540
45389
649651
15854
698097
742138
95519
272808
344766
986294
5805
184710
180545
705714
637608
225470
820408
105417
432310
85299
785647
572725
311299
970516
190665
162507
553994
348570
972734
224630
890721
688342
843558
350554
933762
524155
204988
964046
436338
325051
962915
608123
903741
689927
450024
522836
700262
361626
347945
951453
5057
443819
991404
599876
36761
866617
937033
505272
433710
91149
103032
416125
75004
66248
899405
394097
522324
96302
956707
361170
352240
308466
705364
54110
791366
487485
800003
439657
289589
363138
288393
550233
219864
658496
868115
917744
384013
541253
200069
136062
985750
227008
724954
216646
483444
548929
544143
22078
348746
82887
57706
748945
928466
553840
979416
414444
660183
255335
23872
723778
672258
685640
668436
491321
184247
610577
825483
867867
403680
888233
835417
684538
927036
774742
709488
209429
681556
331234
382821
154508
430640
590019
117037
656355
163472
683571
147327
820782
400227
468802
187730
159865
888101
924356
78726
372793
117369
514627
595670
76975
381284
871046
586825
345815
628840
602076
824819
572584
116415
381412
941798
944346
415533
605408
200493
71826
283217
100434
303056
289142
686674
928931
407349
426136
665354
800742
673607
761669
663152
503864
460236
895401
738801
338048
619748
107680
286946
168910
539998
232245
507499
5219
684688
65399
860061
719634
981465
712575
623582
493260
712673
695628
167318
953705
578586
911533
576875
878812
803961
271993
978663
826970
355042
452186
401582
947638
445314
561694
570175
43570
642312
674195
410673
490494
156424
15289
483852
462132
855410
695698
917147
9000
887334
536230
266215
964908
372384
174047
918688
402934
7886
541688
708006
949654
22091
540820
903165
24325
650288
17820
830294
501044
611865
657017
186728
774233
875029
493611
583670
457487
122494
186075
662648
232979
546825
831052
352058
484264
883636
669670
491898
933344
915899
358632
512415
702617
818413
565699
215327
630118
423978
5005
171724
662004
872043
711865
968997
926208
842245
79202
518397
615531
613723
296510
275325
570862
377959
456297
888478
421961
502882
217266
422225
625552
646769
964334
522335
564703
255580
162937
928801
580329
974503
472106
71822
373488
275663
86315
269637
181207
415334
847141
515623
532380
826608
428823
899641
162165
581100
252651
649654
840893
395283
702345
374862
652805
863440
438997
503752
177906
858367
920046
272422
528028
674502
718096
147937
236038
664280
73568
53984
965710
697793
135051
990155
626654
877368
805413
708026
288867
562023
65099
144566
564343
13560
227194
776804
732168
726657
112388
441629
749607
170070
186902
72274
194561
969743
276872
845303
191760
953742
228189
160615
255583
328861
392660
693961
223468
33645
997792
298433
877743
920057
241197
276425
115874
584597
514143
506972
818631
639928
128686
426909
804029
833266
124861
740065
975778
628795
615668
449119
43179
454763
244103
406321
673747
419686
345247
802361
889380
631547
561672
852112
24962
971114
881550
240672
738424
303841
172854
367050
164233
760014
880751
612130
903536
753403
110260
784206
636819
440318
608234
343887
322360
140500
548122
388485
353245
485722
758024
26407
584486
977154
624306
90858
171024
399671
333891
834495
453033
332728
773867
401982
617885
198930
827799
403756
462653
715092
660075
331374
443363
208696
170335
811857
870571
703939
311301
334491
673561
87280
33345
6714
143077
536334
473491
404344
951487
492088
750219
977098
211992
735138
433441
565281
222748
667634
26246
205728
808217
148491
334021
136826
366619
903009
302935
750065
489813
65681
594756
891514
603110
851936
746596
158248
219332
893437
998295
323925
26363
5703
476693
993152
913472
266558
539136
251617
795961
513929
355743
805133
318820
813181
276257
317590
204375
554164
388998
161425
307300
433758
883198
823661
252783
742663
320554
929746
489938
404402
852272
114168
461212
601917
913866
223726
155703
840656
715400
186968
876908
81526
98920
368180
103438
489550
358668
8448
858560
74297
238444
807452
701017
940945
566266
950232
269329
509237
708462
43974
24458
511169
659265
86728
126816
339294
746630
304169
424934
149471
696523
82257
307160
89159
501171
579902
415397
633345
816769
506475
249941
940128
575715
735212
808392
575654
809364
956404
190593
333421
515894
64143
591078
123256
570489
543701
247668
240950
76676
45549
787788
591165
642094
555955
919301
151045
509307
530928
842342
797539
17472
949245
487481
462349
835677
593453
197647
92071
531909
222035
543737
207545
865441
810024
112979
644418
937339
400699
427559
849569
990355
689020
603395
853048
724983
849874
993842
60452
640320
774659
686127
157803
24090
242521
224472
436703
208411
774406
561544
126884
125992
892768
529521
676796
595202
403849
890282
755707
170111
101342
159825
310261
214676
234861
451147
376418
104781
525911
728316
433770
86455
99024
810481
1661
64559
584880
229031
673251
635237
569068
390154
302516
369358
137839
588697
616483
651599
32973
9630
604714
13642
788043
271074
703894
415029
794374
960525
742030
361349
558174
653637
388741
107197
960268
728141
740936
276014
528996
707108
341188
302994
827591
798466
694163
555748
705874
970113
963832
631614
186222
825290
312477
633712
644089
227119
37236
302883
983141
201031
352107
359905
412460
355667
967083
442206
699411
450326
36641
944437
958634
790737
892624
825004
907486
504205
949472
952978
851781
317710
72141
304984
873946
630321
162761
342115
475877
231544
238098
13185
223626
261256
20721
286856
355739
326263
252295
186573
141059
912380
770801
331259
69418
631332
103931
364386
409881
861491
354929
370339
363165
344429
647616
362827
887734
894023
336351
417223
774111
68951
585700
463766
568936
671970
201958
36268
139721
329615
243315
613803
141385
644909
617480
669850
870149
349106
953547
239614
225231
6004
544855
136345
294649
322295
806595
991086
674536
163643
26198
556221
313208
243163
79164
873331
996906
647484
44866
339
367332
705118
448969
549186
857226
687675
816140
983536
850894
145741
439300
185879
81165
790714
53966
444925
520304
980591
770777
909795
531714
150640
503125
584587
544887
146210
153167
832409
829904
126428
936959
818257
540074
585286
355610
230597
173535
191642
468535
92789
691908
790920
757648
148971
617917
479184
66318
430103
30321
530603
413766
441297
976489
287987
850066
156175
846544
763406
448647
455733
619442
55523
67837
408947
427045
169034
875875
823361
512492
789320
298900
336376
318684
27543
712666
526973
350617
77178
72733
862096
268933
139244
389172
487619
664000
316938
761593
494857
994238
67146
149111
193601
205670
656651
637618
818896
635834
13935
545702
857224
387207
403469
687624
70868
246853
158224
817012
755557
710312
407332
627955
637121
25863
449528
863314
816820
166658
57336
185186
803359
220078
878949
163594
583088
189432
469602
567301
409330
568927
794970
638264
283002
148356
612387
10755
723799
629691
957292
451188
409027
407576
404719
545204
9869
246042
84129
787710
900089
767306
82874
229765
923155
622773
515855
76427
596374
552193
762115
58532
825138
351848
212997
499996
350457
719342
967200
70899
742850
626071
939916
710694
577367
421303
134406
153909
905791
533136
238677
293412
308317
850542
806097
741083
867768
168202
698343
562612
717129
312438
759884
577993
257090
11111
489386
285054
245294
635332
908416
956405
455590
690513
208182
310387
228229
630240
886761
285108
469264
164844
156163
993747
695019
451885
36753
942212
780929
616169
536565
616135
104298
432318
423324
588203
787004
208266
275932
797946
865226
295001
101704
971368
613576
271951
217855
438017
584029
190837
746023
537666
115964
222314
630823
713892
610060
496002
688050
439546
674914
60672
498757
473642
403944
477629
378579
899255
933428
403241
35338
502755
200184
146806
255733
224161
871933
147460
108046
595637
754615
816792
513887
231501
663035
441659
438765
135634
908427
578500
724960
78257
102873
106028
508694
951494
848935
917345
341606
83520
75534
578332
538928
746704
252859
817296
835578
374130
391345
512792
956151
958033
650082
298211
195888
99878
674820
100112
152058
810289
669015
386165
625667
555503
833063
978711
487125
535204
863065
904879
276818
566053
260632
597815
450602
231
503764
199577
20471
721845
389961
556981
595162
50385
87232
675905
426910
280034
589015
41416
324604
741063
287562
288234
471694
671879
352790
459158
766193
831912
833159
918130
762711
683712
730143
193382
911666
427859
468918
615857
428094
115252
728499
475900
18228
89931
16515
431963
466949
799148
471282
925533
413459
935514
994706
365164
881082
24611
280820
198172
656860
102966
209561
68040
593129
440588
250643
624172
556221
854007
641820
42659
383408
416893
236360
970016
257548
925207
821518
973575
631373
468249
474428
425299
297355
660171
192816
940048
572188
623909
682234
516186
169422
423487
793587
242420
812242
19539
158263
954889
247003
184656
439034
654654
271006
734303
44101
384825
724507
539307
196447
88688
800333
132749
172582
896602
580996
52271
142763
313507
60258
827219
98691
814746
676725
334576
540227
218911
181208
354237
47722
809230
855132
771271
348113
992332
826790
246043
600796
900754
439411
25607
178206
620968
391055
99044
425605
310861
665910
973501
496146
779409
584618
470709
380781
368436
497258
658475
117396
851785
58101
832936
965691
306336
102791
892441
208104
411348
853725
833741
282546
411563
283894
535280
484692
63061
956260
246487
564287
501308
460613
554145
10165
448433
941910
372993
656354
289533
235829
299529
730746
219843
507828
859663
967936
872083
266840
52992
996845
560047
692216
529108
944719
354752
871336
154286
679921
560527
42210
638692
954637
876226
405870
979729
38037
292873
277782
872683
131166
60279
916388
143268
158221
680283
251289
38785
792729
952241
652456
605018
333414
452714
856609
535242
451284
986036
303023
845666
780326
868975
674020
987562
763426
271212
375813
249350
690640
422724
759555
349926
272772
103098
727102
197564
965316
222614
682054
807071
297767
758397
733646
336292
384973
448121
113217
277242
659629
830814
225953
910221
178320
938681
190702
94063
271809
218590
740702
132942
380983
382285
174748
323941
413842
670161
232874
699659
645197
515518
26749
255674
130212
322075
664138
855174
613024
947229
337028
80139
401996
240495
396837
296305
53356
567695
900633
785741
256246
782524
415217
8070
952862
381085
316339
106637
394712
713074
912852
763371
570414
437964
500465
448252
906826
245852
376392
219764
174111
113700
603253
888182
627002
552604
414354
719233
983270
548407
530287
899130
761687
547576
670571
38726
303831
226114
757183
708023
703566
572898
844261
97211
356836
541431
565253
15611
141001
816780
417784
872458
331740
333767
430508
666651
316701
400124
701
612370
771487
86683
264344
294118
440602
828337
136917
547153
79460
908738
107007
861768
530610
31247
787995
944487
566856
721248
443293
755620
241014
628263
971094
728765
916346
97438
85571
209776
327942
971857
566049
751758
264648
372278
156181
526888
484599
289963
789712
349773
230042
324663
572183
118444
742703
980949
439425
943072
599740
678956
61976
170902
605177
421435
659242
87799
384753
27109
457493
780709
40741
719131
13726
192087
844335
236531
977335
697516
470827
72465
212430
104371
482363
811479
18168
328426
599815
646689
921385
980790
739324
300347
561542
683182
645996
758644
567286
240417
840449
267831
646350
432355
916019
840196
146044
21701
278937
713210
681596
776586
865849
615408
238122
2547
447115
228049
354158
271304
49482
295004
555882
751727
520620
496212
608714
339238
204305
996387
460836
919055
732722
52147
759812
207613
98728
823066
183282
885072
723831
688775
574900
576257
495944
664909
491480
657680
426442
365314
985583
402512
833851
357629
383378
260937
604953
72800
969780
218590
124535
604367
400204
109385
611981
287598
13717
386368
354742
430288
155056
678272
666013
536739
585435
584068
758691
79385
369972
209548
224678
826028
495468
916127
566404
183727
813733
430330
921350
662861
526195
623982
738826
731262
972237
640906
588301
752096
96411
889299
46308
881068
531106
567249
913506
882624
382053
24036
833092
234375
35117
563694
639333
689793
288345
738948
857639
512018
345437
409399
391023
877969
660780
570008
123299
87093
752232
255945
701738
725244
513638
550900
81907
259551
130311
871639
345608
6307
743051
290473
924172
875984
727248
986372
40391
339128
918628
666454
259961
345791
458712
387300
165347
467122
625498
47684
695864
702703
763077
59741
557295
533953
626754
910951
777557
141140
34701
28034
127253
967958
704836
709653
271420
642644
955777
382307
799508
368026
546177
391010
506862
825110
715508
327672
200827
361416
799249
159690
315739
842153
9815
872005
267771
400265
886709
371166
734368
2777
798734
764562
415981
634766
692933
892233
261439
115278
983295
266494
809897
314881
719047
577057
111624
886691
82263
588
627061
702894
698241
26424
385057
484125
665745
738553
699168
757157
866432
612423
295646
667639
727672
149903
629844
706173
137835
532225
370791
843769
518847
701015
771006
305932
7000
345598
478260
747840
821858
836762
520092
508508
81644
935856
62836
970370
25525
803649
777034
241029
183559
993116
736639
680888
746129
262223
231479
459710
486153
580368
115446
122061
182535
13330
57421
481792
518246
212490
205033
229425
373977
755303
188936
707615
436607
799675
486973
312354
835075
473258
960710
123615
376172
891255
440873
108447
424327
86400
845961
268293
897860
348982
232953
630747
87214
311920
16799
757768
45707
557210
556748
389816
782140
516064
596198
908605
589882
606805
392161
711832
700905
659967
362103
458601
454230
900890
547128
150501
330645
670011
325872
357713
511615
490366
388112
177739
781873
551693
313125
882543
501185
906267
394195
605622
189549
597089
504282
194721
657176
481097
343207
951332
284489
940912
666937
48312
218033
814171
930619
785252
907141
886535
510767
952739
426454
879952
409684
773651
571113
244434
225551
655071
945910
446458
429798
765808
335852
654163
849435
940841
77826
69442
694134
788048
178003
778484
232356
56421
672193
769837
290021
914677
864643
129755
994912
759059
841910
755030
457533
848207
684717
586704
988132
550142
815207
318208
91584
228027
181843
255590
523395
769774
634048
541117
218764
956600
481794
957163
69184
202475
371543
700281
476713
968587
271850
595925
999781
926899
977470
915600
124453
356082
713987
352015
987649
197312
59599
112286
870556
901984
823490
480674
952416
249570
840270
403850
255835
541431
381379
427029
792383
342860
654231
793047
851977
247783
981564
757978
897645
601953
506781
155203
532217
734561
894564
94066
271131
918760
116622
911334
248508
244492
697819
641883
154405
224879
258141
250143
526933
944132
299106
327660
555944
550304
5977
316769
72854
178804
859927
657314
119054
117161
921417
325905
435341
123799
574529
440688
376476
180351
994607
999980
330808
263380
647305
794531
791334
474271
234499
279644
851529
602217
632628
48886
103970
87347
454283
485305
786592
463617
244582
372456
708516
340575
375077
844903
396996
559664
516391
948370
100632
671165
44482
406263
980952
35849
456452
562603
616830
420756
868200
807591
683168
515901
601879
604852
762321
338622
91098
528351
912521
744181
58391
100567
370363
335844
658687
580746
48334
197109
544882
242818
814067
424748
158240
965495
793481
172153
943751
90803
902663
717251
207419
970305
342987
93980
527766
447745
524309
366870
164836
226535
119024
774458
1620
442164
716768
190973
18644
399317
986752
717913
484070
496816
60427
469649
560911
881381
692494
552420
681214
306541
960110
776716
433912
177415
189417
157772
66651
616496
51829
199365
268250
220566
729051
539558
174698
363415
689843
252214
11578
159973
841424
103369
253910
359611
179339
159430
176041
414674
842734
621040
661206
689927
649232
9881
9431
74444
599712
135415
344735
150049
583173
871923
8755
294166
880779
667416
655344
7399
514352
474611
997525
726852
902183
827607
353716
586938
187821
638466
712970
807638
972551
738910
509695
582874
869622
508568
733163
188118
608999
866381
515216
91183
89964
560318
378951
457239
136538
20542
272300
640836
826266
87768
759472
48453
495184
457037
508208
842378
658692
105160
353615
608670
904681
478601
312149
848786
588758
841786
43615
255152
225048
922327
410504
47002
367667
752019
216713
245842
371342
742665
862006
518082
672280
442711
132374
458224
406334
43310
386395
880108
550629
474303
416680
864889
831863
354440
911137
119286
860612
278397
435033
446760
963309
437641
37949
361425
549685
732749
347897
201262
561348
99114
263209
560538
993646
148070
468882
695418
407347
504969
640570
263124
208274
751659
62176
963464
205330
635365
510560
118802
274968
875296
593770
872590
958096
229417
59669
834132
437229
60405
703062
523090
41695
926554
333698
319673
562518
102297
996067
896177
812311
583938
475573
323417
384893
309055
225408
198597
641431
428295
747451
984068
930671
309886
90766
348889
300732
768250
750372
374819
372277
856323
975469
324852
347425
64164
241996
632174
944616
533479
457238
619516
275731
169037
486
219678
328106
353654
913793
984649
24619
446363
932786
895602
697966
639735
827136
12931
85747
951328
329450
817508
670148
731926
511127
719739
142470
555334
65127
557319
808210
6643
58792
332834
497099
623416
168506
582301
956884
222423
831722
764251
191700
139056
100635
484231
738722
732962
148002
536615
196318
182082
111953
444516
361417
486964
818940
468756
766328
44498
894022
7209
169726
156633
154650
196296
229754
715264
87004
162740
958906
983914
715980
389658
344919
634164
912597
240458
21962
228681
780819
819932
416055
601266
216099
620572
976380
305500
721775
38225
195617
580473
216066
16107
320316
300200
584139
905736
770692
263003
688321
996626
568985
586885
623032
271145
661579
158918
487846
548600
500311
768746
628952
81977
570071
514942
700326
999049
544858
183145
729406
524142
501503
848250
155365
108733
615073
686352
669717
843865
374288
78733
492019
942859
873246
290945
233743
291228
608331
614355
657983
663856
809036
1199
287345
243839
789662
344819
84521
995225
540193
296342
669805
755150
945274
750392
970399
334240
497331
374733
757733
936920
781610
505732
950990
104888
810214
520931
731473
174050
962482
796738
572619
5300
823616
408909
550560
182678
900508
505694
40422
100897
172541
305580
967597
29853
851549
644138
654462
655312
81021
883149
502031
7898
5566
846048
253534
782623
314086
617672
332142
896485
182185
792415
730659
302822
95408
531371
31736
208168
642247
277937
144250
232711
262872
80913
309108
670531
350220
734197
39384
302599
582134
595314
406265
244361
53574
356822
650919
598473
122234
272088
47056
219648
559557
966881
644719
825993
942992
287318
440840
597605
795562
616418
707824
338285
114590
490183
168328
71950
339955
476913
5431
781752
898977
33473
731034
214376
509985
509009
700976
742147
301125
671430
319748
128367
997159
699240
160092
872504
825899
247106
258051
802906
821042
680911
996301
906102
811862
876466
806197
410392
810293
513575
216098
82847
326512
435984
963431
482979
961747
987531
470464
765207
883408
809258
319811
703607
720537
4500
529365
231638
815601
793339
293391
301074
891746
779265
65691
968140
455810
257598
98972
297992
726518
325320
494058
916201
311474
650018
642535
255462
809962
720904
305113
510939
769361
650545
300358
735820
788167
266678
933835
818962
318001
544234
406169
204051
713815
910159
728427
756421
307771
208685
497268
45610
294294
125525
62248
653946
568159
519767
868949
374196
339
422341
132820
61148
102056
929629
327074
938659
908457
87947
194427
608868
982459
257431
522140
451633
653012
329551
155351
569893
18548
667642
188010
652693
485200
426656
391139
732761
171527
469934
343648
536742
545449
329539
10522
46111
141729
267322
195183
991644
284435
77159
70086
154100
227748
904622
4168
6269
746752
720735
154250
25615
831978
853851
20959
971605
569378
547183
822764
277395
855303
338802
290794
807808
566344
504290
901194
475661
498913
935928
776719
896424
62747
820848
848525
525541
971113
763514
240969
327532
72824
729962
861634
146978
293443
966455
439811
743816
843985
949112
809822
104533
145376
635782
583277
889328
38886
991227
232912
882289
360692
93458
47201
113002
167645
250567
224476
789032
586486
106039
565486
733791
738063
481753
500524
276942
259137
344241
878104
605452
304612
393097
932665
585757
359629
622445
161743
664502
153834
185524
96085
51576
98849
608659
191999
61537
791175
568760
419597
369603
987587
725739
556402
485516
67924
120653
150625
955098
32284
960028
806294
442200
68234
738755
709034
200131
770856
712690
984456
634626
690658
879943
660176
762122
818908
822139
212279
767140
88972
880836
564600
453196
845199
932646
601399
293212
434000
777317
79038
865197
840973
587193
697738
462775
820812
793805
600193
451654
136507
937579
811147
758435
391219
762505
272766
268165
300658
963216
874526
596049
956304
101284
101197
834649
788998
83043
275163
91841
775144
229657
150932
817744
179779
787294
486924
385462
907191
506463
298649
91066
968142
611772
739212
546478
414370
811604
757586
937801
669255
918530
898107
85503
172278
686935
441281
777014
864738
200710
688576
405065
857219
873525
976717
451479
631272
502570
767125
355281
495408
76921
127883
530402
128381
59156
767455
39848
3450
469724
498371
786450
454620
706764
752815
663470
427353
983031
641865
136606
636550
645461
177339
684833
433694
177972
736675
698596
525343
424713
729057
184522
673613
303072
254648
965107
380252
361779
387950
828089
511627
436324
80629
838044
254062
448365
87733
735810
961456
652648
421034
293348
808826
922975
116205
260160
287279
611520
578801
825198
717578
35574
234008
287083
4347
811482
189673
770531
444166
56072
227769
593325
471601
35682
104282
615832
201194
15376
36449
681194
239814
758554
860211
457401
712731
234609
911266
338881
977580
246726
236187
784372
120282
541448
317491
492912
923902
920131
581837
195780
192149
344124
601612
574596
903888
51747
49464
462487
777238
650778
49512
643187
539786
77717
75180
201834
807833
412660
175912
556810
407977
122480
77935
395418
892347
894895
841518
270587
323162
814341
556163
447207
19924
131008
924857
716789
676877
579986
859762
537069
494518
102386
981533
809607
540031
140868
110113
936109
246943
571107
733154
901180
790323
346754
705363
892702
791025
769637
447187
465699
322059
251051
390295
669240
723437
368359
745798
473754
654626
348127
748505
917826
989331
158189
977335
39954
188030
85926
67027
904711
280247
305736
448631
151892
107146
540409
508840
216663
455660
609727
351146
294388
724320
555394
389826
410095
423951
687555
301924
303058
382197
699194
446643
136465
454254
888938
803634
875503
559509
783515
501304
613400
724919
702
452872
636462
972173
93103
925462
122097
786820
924293
607822
458980
797159
331945
279088
666784
563580
389551
341504
175997
399701
73398
434116
543997
419058
264946
875556
546731
9673
485419
210697
440918
204869
394026
830131
343194
521518
307392
394647
113431
356243
582005
296133
851536
463160
87347
118518
245578
531743
162945
252426
746961
729946
637619
255670
131394
370341
955215
157442
166871
224405
351911
973980
553211
124371
237613
944806
462799
89616
776226
339463
991846
418663
746867
298057
783927
706155
147198
494217
694112
713262
483317
64873
333196
866655
533878
714263
889344
537646
527779
479312
97458
104032
34517
211425
862239
600106
913001
990269
826077
465304
383600
602076
323073
610759
379407
688320
116002
620817
558596
895524
971020
920087
58360
383766
757459
672069
358323
493071
471692
561077
724774
680571
928287
540865
119204
816073
191330
499323
139461
887633
259895
996428
997646
918366
75673
71535
900322
614728
487269
307565
845879
730325
243518
554627
729940
412765
654476
715594
7055
570036
550282
209177
426793
223411
491470
167816
465154
823787
288731
177253
848465
574268
953794
283895
776549
766250
301006
572224
519762
743462
938953
572344
312777
604299
918916
918182
936005
774970
958174
139746
399366
81208
741615
220337
21653
964695
620803
12425
632277
310388
953322
676316
249783
365966
455149
822425
210685
13035
713943
589066
927684
845786
484525
633390
862086
502416
409687
46636
226753
644782
983166
999320
49828
928726
781246
684428
589437
200771
48340
825914
133240
337129
273689
430082
390990
442716
834027
734871
123463
89322
764959
728908
384008
97340
834530
662307
902491
459168
97079
465006
75694
365570
655730
63977
108534
837786
655947
973591
213058
251866
995037
223557
787949
892214
426242
168589
89519
341108
76854
446287
85131
262775
551551
82472
685359
401058
419000
113127
762600
399245
397569
911535
625785
481132
789589
850633
438255
893579
853166
459936
188183
372647
640095
853361
14342
728459
495720
753977
723898
800056
936998
660630
765232
881050
483146
311586
758670
157484
139806
214238
971997
594673
541538
79549
16232
754123
805623
338535
492450
953612
371361
148892
357347
61954
927498
534935
298945
44206
271512
408274
244786
239960
63950
210928
642903
626107
209073
614027
330065
159375
447111
598023
23512
566844
913579
209938
264331
69060
162678
861699
832477
245995
422265
751419
765908
454533
95229
730882
704243
621102
738944
173550
156494
349430
166099
423068
583608
309239
76266
226880
138423
741835
572687
620958
504821
411518
684414
982366
696189
444190
137637
849630
805835
885743
243520
952851
324547
750393
923199
191174
742592
230676
565321
329144
569907
601498
961290
714252
920621
297670
437631
522182
503555
552397
195130
13494
147617
590454
536801
783165
162045
515682
513074
829462
237276
683839
80955
430061
235251
532468
167028
863000
154402
305290
900102
631430
169720
708826
85297
408116
323515
744716
791800
219678
461128
870224
863304
971245
144946
183222
45394
970146
185086
633987
150919
892122
24689
97918
334625
204301
518229
30675
776716
882896
1598
229039
720947
960802
807827
892095
664913
326589
744036
844814
243492
360482
864026
741584
513768
829797
260605
598795
194464
774770
813156
675270
452629
669381
716509
660197
701618
673771
737188
295033
721169
344759
557633
368374
112567
277196
768985
365538
412396
786735
229951
527773
533388
601843
643350
23584
921981
641125
258957
522548
371765
165607
53157
689161
843399
277635
648858
589921
113764
422658
481628
410243
151491
149990
140472
669956
659674
566576
73344
52723
960524
709633
647392
599782
985553
437271
806805
188439
840330
549163
487557
778229
158629
558842
600431
234911
214624
494433
120623
320893
645730
534459
157164
423783
62317
60442
719089
102841
413996
516000
484274
169810
98982
35733
20172
128597
743158
691859
500566
903261
867947
980601
488489
773825
314825
897209
846081
96527
96260
551618
190615
561175
984387
128863
727300
673414
93726
164072
214291
362273
393040
847566
621095
857777
38759
785394
226743
828030
524044
911213
885876
45368
662367
258082
804087
245430
257201
898360
60340
858546
983724
827525
929876
403099
517870
37134
706762
376927
377119
476447
174668
330453
427119
943536
268141
560744
782824
835417
954182
842278
942293
632926
833352
629701
604606
494551
191474
844639
500227
5963
605221
459410
726423
157557
995110
550485
455599
553434
508960
929427
855827
786755
255689
692862
897622
986935
801552
825217
597940
89213
525931
176141
384974
590806
845456
97387
119085
755296
470238
65790
204521
442069
430166
500587
660718
448066
606551
662059
352089
625802
16114
339396
970379
159518
78851
242028
432858
726399
988934
410383
787455
597459
878836
956409
316738
192338
383170
97341
717843
799429
339091
961335
631044
975213
631559
623111
372559
641011
455810
542968
326603
443936
800301
402807
121477
866259
358161
83162
418171
650065
221734
885158
151137
218802
588598
471101
909897
986481
840320
444448
706171
729454
614200
338689
767779
60251
198827
802512
303004
69145
468412
478881
253772
303581
359178
538275
393028
880328
933170
195824
279675
852548
687630
576376
999443
74190
671546
681611
303542
17644
149001
428566
278454
151980
781559
665086
679505
83261
687968
575663
300488
181894
87798
606988
475457
884639
574701
86056
621832
987219
946861
802311
575101
438941
717291
385870
450524
958723
978498
592736
367263
879144
986540
928052
956354
986811
383992
634853
561733
25162
967986
780203
816480
498921
466288
6630
378263
562089
684129
649221
215129
915253
995710
203288
674299
917517
555367
526394
379851
30364
850512
138255
367940
726364
908602
730828
303179
187660
19672
115614
418382
220583
498546
229731
99876
420049
513883
899071
535091
389832
889556
354219
619011
810479
681239
718817
756831
647569
734710
637869
233532
655594
288758
763360
455885
703314
121792
518779
115906
290256
337235
68966
594663
976468
366342
349684
130881
651504
889522
596557
891824
694470
252732
179321
570664
557437
781892
859275
206186
756819
426132
554827
646781
272228
480374
818706
438013
762414
950073
432292
924182
236401
427905
507571
426976
601541
693384
462289
712276
222690
199924
475994
536036
316325
681944
678268
213919
703098
740962
213650
734548
592010
581180
853214
152097
175127
161091
369751
888601
752947
582847
972629
374812
721989
113662
123528
193603
359528
44191
373537
505292
387855
155435
920636
126118
381992
97082
218944
808339
488099
42168
110915
770640
505565
807755
748424
659461
667714
105399
393961
9011
626213
555159
764472
500283
777489
196710
926024
857360
953898
301618
670360
551178
878225
615789
804360
563247
518674
598565
998757
585619
790628
182202
644834
575162
343050
557317
273587
134861
111622
734803
707738
581687
379539
448454
420084
401988
956425
355654
942843
739970
33218
697986
155878
998707
908143
537216
821103
921762
645454
894429
404505
758664
518646
789540
135451
618175
921079
336607
531825
192664
811674
516041
79359
633721
952921
938834
157801
236415
448341
337321
888902
65989
699492
110573
185355
111349
208595
168965
255862
698663
314819
284753
229761
72761
668230
607836
25630
64466
411393
794263
100103
216154
71752
91250
529750
181001
265399
282156
450440
245255
329494
830207
53690
762560
158654
726258
343923
879182
227915
416789
223245
270538
658373
958342
123073
645092
346901
909915
196457
591413
147919
227889
602304
856476
527131
764780
154647
98619
723296
180011
33680
351342
745683
667046
686155
46539
670566
540666
453661
858266
397581
372178
285629
60934
379019
754264
32326
599351
597972
183480
284111
981120
418753
40850
891794
750978
818519
291306
33219
995583
612443
236041
956318
765674
992787
294092
802940
978091
13151
385130
330728
16654
827197
607099
768367
536227
846266
323014
577534
666785
565423
542209
113969
218162
693089
526099
616869
744314
114894
209232
372025
753196
67826
118800
705491
829754
578212
307056
385207
529277
108276
129039
270389
557771
101487
398518
146520
576243
655513
680550
13088
314883
500513
737311
702658
455829
358901
719808
580599
863703
632573
899499
859121
946865
282321
768662
683386
362862
948911
340796
241228
228945
745548
233507
395350
790688
356619
771147
408697
772843
6676
937084
753847
375393
618564
412859
675403
144952
878600
684037
533861
674761
846278
783169
442030
215946
57457
586456
273457
84
323480
268937
3182
125035
118809
4065
47218
940739
217451
505047
373593
585511
495710
518756
349827
963821
606902
184519
375830
521904
521888
259296
38984
413392
21568
658930
887888
15634
888745
773753
27543
27161
139300
397537
762357
760799
427938
802585
582768
190987
79833
803462
86999
456385
29743
974285
498108
457254
100436
49654
428123
510306
956323
640562
588097
830938
974647
712564
930737
791416
564310
144508
965706
11679
744255
559365
484999
425557
596194
553701
585642
972807
100141
358938
388979
815548
480013
151373
57521
505041
900380
757953
350703
358990
732038
837553
341293
316090
241031
916186
549691
379416
917490
423632
241695
642722
665453
32410
686654
546728
725224
769424
801179
595603
306993
601418
608370
985093
357633
888332
851425
726426
581974
286073
464994
739018
490794
791241
101627
66405
935832
357156
429451
377565
276347
745864
976325
892843
790641
261694
326276
616237
556193
427089
129977
111290
764394
695115
95806
36049
339013
146541
452624
708407
347452
849005
862824
752041
439605
279177
323899
881804
968088
306548
657485
402457
222884
109139
884335
731003
785302
574973
410374
888987
489869
529160
119304
318297
986001
781026
710932
820027
106743
966510
921470
961598
686794
861696
739928
281565
555440
31819
86397
200918
217681
595115
719979
502907
735761
15321
526248
355291
423990
594962
46471
896665
793745
638332
899586
262180
99259
102535
846822
477265
824001
896450
136034
399186
111181
926238
162634
71435
75427
50948
937929
155365
618043
633979
533338
677393
558054
917368
897421
344419
303885
424379
464655
888744
797645
647599
391247
510009
289183
825423
986486
912073
629636
406915
871400
908076
836687
950257
69430
137924
270620
480313
509841
266756
320686
382170
557333
147631
638989
698418
533547
142666
323834
558454
908673
209326
685215
575130
449991
780613
828905
6366
845955
941197
470675
578708
177332
884099
195964
824581
432384
355394
5553
265119
553179
846762
297823
43289
922663
90157
695357
972335
135206
223744
395359
153391
24182
946259
114988
937554
240431
837624
723375
867215
537797
119129
637251
321051
35563
217421
804142
894896
881852
588859
105530
618092
963678
184198
334879
334271
587769
183168
360202
16450
230445
127005
276986
796820
719778
636077
91608
459515
983805
540271
289377
856941
214245
791892
729201
473555
582812
58502
916785
165135
77806
285972
530399
465237
571044
54475
113187
595189
206597
888966
964253
357361
857575
194915
638861
617998
276895
4018
20875
887267
328396
577242
329376
597946
693854
724023
844644
581440
679117
658146
776619
25394
549824
101653
621862
462510
825905
860318
612462
884124
503282
672290
958825
952053
373391
161853
299025
70532
143380
978150
94002
690296
631438
277102
740279
926568
460359
362530
710514
63239
224688
993734
689740
215738
960613
756677
128388
350301
258767
333897
271356
808728
850152
419549
598223
78144
297817
538766
241056
463994
361499
796906
884359
545364
214700
223825
632172
581917
375858
878472
310653
698979
432139
509724
932815
609138
19146
53861
524631
608765
725624
515230
760640
827095
391052
645963
383919
711034
755496
334409
735580
545286
239928
437923
310133
31272
324117
364437
374390
31639
155152
163680
716997
738729
266026
37252
745574
56655
482552
453525
560108
28969
91106
828334
456351
403476
886965
385823
964130
382231
647124
420324
32243
528275
182681
127221
246702
608198
398164
614340
454226
226633
971866
629866
21584
533102
902298
662349
99147
496488
346493
632244
31372
438254
816273
84421
520971
353307
707795
262996
816569
293399
567541
610051
890889
998795
378123
473708
592712
878568
112062
770278
63249
986830
444961
5349
852388
603451
237249
922004
606150
83903
281323
371728
24848
688076
894342
948981
989890
201761
171929
139437
134279
165643
996576
413736
678739
414319
264905
44251
283834
383836
222153
80416
211520
827809
277548
954121
166133
446601
459819
37930
784392
85514
883962
379711
828284
517093
472269
129151
104318
409949
633511
118444
24104
359352
557840
166332
177763
551978
307571
304965
208208
876487
490450
410304
961859
735604
458327
553817
754813
253092
569995
397325
209551
320627
228341
136805
494361
340577
139533
176937
588826
901452
431171
478619
926210
220811
839781
126025
963170
678122
994891
88142
674456
5596
283258
333265
925864
79185
534260
628459
942816
438221
709915
124474
356830
823488
707580
102376
-1