33
102
330
399
491
548
757
816
818
848
1075
1079
1120
1154
1439
1598
1767
1768
1780
1807
1812
1870
1901
1905
1997
2114
2125
2222
2229
2303
2343
2453
2483
2553
2596
2828
2864
2883
2937
3229
3263
3452
3491
3610
3621
3777
3816
3887
3909
4048
4107
4214
4541
4586
4652
4744
4780
5186
5350
5513
5522
5546
5631
5763
6122
6282
6296
6311
6358
6403
6497
6959
6961
6997
7251
7551
7961
8105
8149
8170
8190
8309
8349
8364
8472
8590
8611
8650
8682
8718
8809
8809
8942
9007
9252
9332
9554
9595
9602
9669
9706
9835
9955
10007
10122
10208
10269
10368
10449
10473
10640
10928
10935
10936
11142
11272
11579
11618
11672
11889
11929
11993
12008
12040
12075
12161
12195
12322
12613
12655
12823
12890
12980
12996
13080
13099
13139
13337
13532
13600
13608
13840
13855
13945
13959
14045
14083
14295
14582
14591
14680
14752
14825
14829
14949
15003
15357
15410
15416
15547
15559
15867
16333
16334
16377
16456
16701
16721
16724
16884
16912
16915
17039
17072
17114
17143
17233
17241
17391
17536
17600
17644
17780
17842
17891
17920
17985
18158
18299
18457
18461
18463
18608
18647
18670
18690
18709
18826
18960
18972
19015
19033
19121
19147
19337
19547
19573
19628
19643
20195
20339
20467
20544
20651
20693
20868
20896
20932
21070
21195
21223
21331
21401
21418
21822
21824
21856
22379
22397
22409
22477
22589
22637
22833
23148
23255
23297
23345
23495
23504
23664
23746
23997
24023
24070
24103
24180
24220
24344
24353
24474
24591
24664
24745
24868
25104
25278
25438
25629
25926
26000
26139
26309
26465
26585
26596
26730
26753
26759
26826
26846
27035
27316
27415
27645
27652
27675
27681
27694
27748
27843
28102
28124
28135
28224
28240
28397
28415
28481
28529
28725
28870
29357
29443
29572
29580
29751
29808
29867
30043
30109
30236
30322
30558
30626
30973
30986
30994
31100
31131
31395
31549
31579
31711
31834
31884
32159
32190
32256
32280
32310
32370
32376
32494
32515
32577
32693
32905
33093
33274
33330
33603
33644
33734
33985
34068
34195
34213
34303
34521
34564
34584
34648
34658
34663
34739
34932
35086
35179
35206
35230
35237
35349
35409
35552
35657
35710
35768
35926
35928
36003
36218
36233
36241
36257
36320
36499
36530
36536
36546
36729
36734
36786
36823
36954
37021
37124
37147
37155
37175
37404
37437
37530
37541
37587
37698
37735
37960
37975
38087
38140
38445
38560
38599
38622
38815
38838
38842
38854
39054
39245
39245
39269
39356
39451
39695
39869
39961
40003
40237
40323
40362
40468
40508
40648
40711
40727
40749
40902
41157
41200
41297
41411
41539
41578
41623
41651
41662
41757
41927
41952
41988
42053
42142
42245
42328
42396
42570
42642
42727
42834
42934
43016
43034
43160
43185
43308
43428
43453
43466
43607
43745
44052
44089
44209
44357
44534
44538
44690
44694
44737
44792
45005
45006
45026
45054
45116
45157
45232
45377
45442
45452
45553
45666
45681
45909
46081
46113
46177
46182
46267
46415
46523
46657
46683
46731
46758
46867
46929
47038
47293
47319
47440
47538
47716
47812
47878
47890
48159
48208
48332
48396
48426
48473
48546
48671
48766
48789
48925
48956
49152
49189
49235
49249
49362
49390
49432
49577
49728
49844
49961
50008
50067
50079
50113
50253
50316
50381
50440
50657
50677
50749
50957
51234
51429
51508
51578
51641
51731
51765
51851
52074
52157
52428
52499
52514
52650
52774
52821
52995
53391
53429
53720
53730
53754
53846
54032
54063
54120
54143
54192
54229
54373
54380
54740
54756
54840
54859
54859
54914
55204
55373
55392
55447
55484
55557
55653
55839
55884
55971
55975
56080
56242
56259
56295
56301
56425
56583
56616
56935
57130
57134
57158
57165
57176
57371
57442
57637
58143
58217
58263
58265
58273
58286
58502
58881
59007
59023
59336
59365
59390
59420
59562
59583
59653
59777
59871
59893
59971
60003
60064
60440
60838
60880
60946
60968
61080
61093
61186
61216
61417
61450
61459
61534
61541
61643
61702
61725
62129
62225
62259
62296
62324
62546
62637
62706
62907
62959
63238
63276
63478
63528
63628
63722
63857
63877
64007
64111
64208
64284
64365
64444
64672
64687
64763
64863
64899
64929
64964
65037
65282
65455
65506
65635
65774
65816
66004
66057
66090
66239
66295
66458
66488
66679
66759
66790
66807
67018
67122
67533
67563
67724
67901
68049
68070
68098
68184
68341
68371
68402
68621
68665
68693
68794
68862
68910
68972
69003
69129
69206
69262
69343
69369
69376
69447
69453
69922
70004
70222
70249
70307
70341
70517
70526
70914
70971
71011
71158
71305
71378
71460
71617
71664
71761
72136
72161
72247
72311
72325
72398
72399
72404
72440
72739
72782
72799
72808
72837
72892
72924
72943
72948
73086
73251
73263
73285
73371
73422
73463
73465
73535
73540
73704
73742
73791
73913
73914
73917
74040
74199
74222
74231
74278
74284
74335
74384
74386
74433
74445
74494
74651
74687
74763
74801
74814
74944
75189
75202
75204
75224
75310
75364
75416
75762
75803
75822
75851
75885
75894
76025
76055
76652
76809
76907
76932
77056
77061
77085
77213
77243
77265
77394
77474
77789
77856
77974
77999
78068
78121
78168
78225
78306
78885
79113
79206
79227
79325
79395
79419
79431
79753
79781
80012
80133
80227
80483
80536
80547
80717
80926
81135
81199
81283
81355
81377
81411
81635
81643
81680
81940
82039
82053
82074
82435
82444
82466
82585
82866
83117
83144
83175
83213
83625
83701
83770
83929
84051
84142
84300
84331
84423
84430
84545
84689
84768
84926
85100
85161
85189
85191
85288
85346
85412
85453
85465
85549
85579
85692
85743
85750
86057
86114
86116
86141
86187
86188
86522
86539
86609
86820
86974
87043
87099
87100
87114
87140
87360
87379
87400
87578
87638
87646
87686
87853
87960
87961
88104
88264
88273
88340
88467
88494
88566
88679
88726
88764
89011
89067
89202
89203
89356
89394
89715
89780
90041
90263
90284
90330
90544
90690
90736
90840
90897
91036
91223
91245
91519
91527
91757
91824
91873
91936
91944
91998
92047
92263
92333
92366
92453
92587
92588
92809
92913
93015
93092
93235
93270
93438
93485
93531
93801
93887
94057
94082
94295
94320
94347
94552
94659
94865
94967
95290
95382
95446
95570
95649
95744
95829
95901
95965
95987
96115
96216
96234
96307
96511
96765
96767
97008
97013
97064
97580
97630
97648
97695
97701
97831
97959
97998
98068
98150
98160
98235
98299
98328
98357
98479
98507
98509
98649
98677
98711
98742
98798
98833
98879
99145
99150
99183
99384
99483
99521
99559
99623
99707
99721
99784
100049
100100
100122
100174
100185
100540
100630
100678
100849
100850
100913
100927
100938
101066
101254
101357
101412
101503
101653
101808
101834
101946
102109
102212
102243
102395
102482
102516
102631
103086
103091
103096
103105
103135
103161
103178
103271
103374
103383
103431
103476
103492
103621
103683
103710
103751
103756
103780
103889
104003
104059
104097
104105
104137
104552
104858
104929
105011
105135
105195
105576
105781
105914
106033
106076
106097
106406
106413
106472
106489
106497
106660
106707
106841
106935
106943
107039
107215
107236
107284
107304
107330
107409
107478
107515
107535
107661
107826
107845
107951
108122
108126
108175
108212
108225
108443
108477
108813
108826
108830
108898
108909
108929
109277
109345
109390
109541
109571
109585
109614
109641
109649
109705
109870
110063
110122
110207
110341
110368
110389
110568
110670
110674
110681
111212
111290
111323
111379
111407
111439
111451
111452
111823
112522
112729
112750
112807
112845
113227
113267
113272
113273
113308
113324
113575
113597
113601
113804
113949
114155
114160
114230
114298
114306
114461
114510
114634
114671
114710
114755
114779
114818
114889
114911
114920
114964
114974
115079
115132
115197
115225
115308
115422
115451
115534
115608
115663
115688
115702
115743
115833
115957
116017
116043
116153
116393
116409
116438
116509
116519
116639
116740
116876
116911
117097
117178
117277
117466
117549
117558
117582
117745
117766
117903
118009
118293
118359
118503
118584
118634
118697
118757
118804
119059
119152
119201
119272
119369
119543
119904
119932
120225
120420
120434
120442
120482
120487
120668
120724
120731
120773
120989
121246
121358
121424
121696
121862
121945
122030
122215
122397
122560
122626
122637
122669
122727
122923
122991
123021
123264
123277
123407
123787
123813
123967
124176
124303
124412
124578
124715
124745
124836
124861
125348
125605
125755
125758
125918
125947
125951
126000
126017
126022
126148
126183
126456
126461
126486
126626
126655
126701
126719
126828
126972
126978
127053
127125
127246
127416
127495
127511
127590
127606
127634
127663
127707
127786
127793
127853
128044
128075
128285
128290
128485
128552
128810
128826
128938
128961
129006
129223
129370
129479
129509
129554
129557
129798
129912
129961
129996
130059
130093
130314
130360
130565
130779
130898
130909
130962
130963
131143
131369
131384
131604
131611
131705
131910
131945
132000
132014
132080
132219
132253
132370
132477
132514
132568
132664
132739
132793
132873
133017
133167
133426
133443
134049
134129
134276
134284
134310
134412
134515
134677
134790
134862
134953
135064
135435
135482
135570
135727
135763
135823
135849
135992
136314
136412
136444
136462
136860
136910
137082
137174
137197
137223
137363
137441
137706
137731
137752
137785
137795
137888
137936
138093
138319
138340
138459
138669
138940
138999
139280
139361
139429
139508
139626
139709
139813
139820
139943
139963
140004
140009
140022
140064
140074
140113
140116
140283
140297
140306
140549
140620
140685
140889
140908
140962
140968
141089
141134
141319
141529
141574
141625
141716
142022
142261
142286
142339
142412
142506
142518
142535
142636
142790
142900
142907
142933
143066
143235
143277
143281
143353
143454
143526
143540
143622
144025
144099
144211
144400
144548
144698
144851
144967
145000
145071
145287
145324
145426
145442
145544
145833
145846
145846
145908
146090
146165
146217
146507
146547
146555
146558
146601
146705
146826
146954
147012
147239
147330
147477
147846
147941
147990
148074
148134
148312
148313
148593
148740
148807
148887
148986
149146
149334
149822
149935
150141
150285
150358
150528
150692
150702
150841
150866
150933
150979
150988
151241
151260
151270
151441
151585
151594
151631
151654
151691
151695
151878
152110
152135
152153
152158
152168
152170
152202
152508
152543
152593
152617
152691
152906
153041
153084
153096
153149
153226
153272
153312
153328
153390
153527
153605
153721
153946
154133
154178
154270
154369
154566
154596
154669
154695
154967
155106
155179
155185
155253
155324
155510
155672
155798
155815
156326
156340
156435
156484
156537
156556
156572
156625
156651
156726
157181
157239
157413
157560
157748
157865
157928
158069
158220
158262
158376
158601
158768
158782
158811
158877
158878
158901
158936
158970
159115
159120
159186
159280
159378
159556
159616
159651
159673
159772
159893
160005
160027
160033
160046
160081
160258
160479
160544
161024
161150
161353
161428
161465
161496
161506
161649
161714
161771
161852
162063
162089
162271
162364
162433
162560
162755
162792
162906
162938
163013
163244
163452
163553
163675
163804
163861
163976
163990
164104
164178
164201
164216
164307
164320
164337
164399
164524
164536
164604
164668
164759
164872
164895
164925
164940
164944
165014
165205
165299
165302
165319
165323
165387
165552
165578
165723
165802
166083
166086
166107
166195
166238
166268
166312
166371
166455
166493
166554
166568
166624
166731
166818
166896
166951
167132
167150
167160
167218
167322
167349
167483
167697
167833
167906
167930
168110
168182
168214
168393
168464
168480
168627
168757
168770
168785
168848
168875
168879
168929
168932
168987
169105
169275
169366
169449
169610
169612
169671
169747
170052
170062
170178
170278
170432
170468
170484
170604
170946
171301
171480
171605
171772
171797
171806
171861
171930
171952
172008
172023
172302
172663
172690
172878
173172
173281
173351
173375
173509
173523
173534
173540
173704
173746
173789
174197
174257
174352
174597
174747
174773
174775
174909
174914
175409
175596
175596
175668
175720
175777
175865
175871
175963
176037
176056
176122
176125
176183
176493
176581
176599
176675
176873
177088
177288
177424
177458
177458
177536
177735
178106
178137
178175
178263
178295
178539
178563
178656
178708
178788
178833
178859
178864
179002
179288
179387
179475
179518
179721
179818
179858
179916
179940
180082
180227
180372
180457
180538
180649
180658
180686
180698
180702
180856
181154
181180
181226
181227
181344
181405
181657
181720
181740
181968
182033
182189
182782
182813
182901
182970
183076
183148
183294
183411
183554
183583
183793
183827
184048
184161
184234
184303
184584
184601
184610
184656
184676
184736
184865
184890
184966
184978
185013
185034
185181
185212
185633
185643
185818
186041
186049
186064
186093
186155
186340
186865
187009
187091
187173
187174
187200
187292
187589
187633
188055
188063
188085
188108
188274
188339
188351
188421
188501
188516
188683
188740
188744
188840
188999
189097
189118
189271
189341
189709
189751
189767
189963
190070
190345
190536
190866
190877
190979
190993
191029
191317
191413
191438
191441
191456
191669
191801
191853
191966
192288
192622
192648
192706
192818
192958
192963
193108
193344
193348
193385
193447
193454
193645
193737
193848
193863
193885
193923
193940
193956
194068
194098
194099
194171
194379
194466
194517
194520
194547
194587
194692
194734
194990
195202
195233
195253
195283
195414
195529
195667
195809
195856
195885
195937
196015
196084
196196
196486
196616
196789
196855
196867
197177
197296
197404
197602
197606
197830
197917
198044
198127
198165
198312
198421
198620
198671
198888
198982
199093
199268
199395
199411
199604
199611
199724
199755
199841
200142
200235
200238
200330
200412
200468
200473
200542
200555
200621
200687
200706
200717
200723
200879
200913
201080
201196
201232
201327
201366
201569
201803
201850
201856
201871
201901
202216
202289
202652
202802
203347
203788
204008
204009
204013
204342
204714
204797
204807
204862
204918
205012
205037
205049
205091
205653
205714
205744
205783
205838
206005
206229
206264
206455
206554
206585
206786
206889
206964
207085
207328
207834
208104
208121
208383
208390
208471
208620
208620
208698
208743
208795
208832
208833
208855
208953
208996
209026
209202
209226
209347
209430
209602
209684
209788
209883
210049
210142
210146
210159
210194
210366
210412
210423
210455
210641
210646
210705
210832
211011
211031
211058
211186
211326
211365
211375
211401
211493
211566
211702
211866
211876
211900
211948
212138
212223
212391
212441
212495
212583
212638
212660
212842
212883
212927
213029
213065
213068
213149
213185
213195
213196
213496
213508
213526
213554
213567
213669
213724
213980
214019
214203
214212
214227
214411
214486
214777
214925
214947
214956
215042
215204
215645
215738
215743
215870
215906
215927
215962
216062
216130
216261
216265
216309
216507
216619
216741
217123
217182
217245
217253
217610
217717
217733
217868
217984
218010
218033
218101
218173
218314
218324
218416
218512
218863
218891
218923
218939
219107
219223
219416
219497
219588
219602
219677
219931
219933
220004
220091
220147
220354
220447
220460
220471
220582
220597
220648
220662
220797
220801
220965
220978
221017
221143
221155
221189
221238
221313
221359
221407
221678
221729
221935
221984
222260
222290
222332
222435
222450
222473
222539
222855
222866
222958
223157
223220
223243
223442
223551
223741
223813
223819
224093
224170
224218
224303
224537
224722
224783
224907
224961
225027
225094
225107
225196
225383
225409
225494
225528
225561
225849
225887
225951
225992
226071
226124
226171
226198
226429
226447
226714
226757
226901
226986
227190
227319
227323
227365
227598
227654
227655
227759
227826
227873
228023
228142
228341
228400
228424
228541
228604
228749
228877
229118
229259
229293
229340
229458
229529
229619
229681
229734
229852
229888
229997
230023
230195
230242
231090
231103
231141
231256
231411
231464
231559
231560
231651
231666
231698
232088
232145
232270
232286
232368
232370
232414
232590
232703
232712
232764
232814
232852
233113
233196
233312
233410
233437
233603
233927
233979
234087
234119
234187
234357
234472
234519
234716
234746
234770
234938
234941
235021
235070
235232
235291
235324
235339
235362
235373
235408
235706
235754
235819
235834
235913
235962
236134
236185
236234
236354
236422
236477
236625
236637
236707
236895
236938
237179
237249
237517
237618
237841
237902
237917
237927
238059
238302
238462
238481
238768
238880
238904
239150
239235
239298
239326
239558
239650
239846
239897
239984
240017
240120
240247
240570
240703
240789
240844
240930
241051
241096
241122
241378
241537
241564
241748
241785
241866
241903
241917
241939
241948
242047
242220
242372
242420
242464
242467
242656
242827
242938
242945
242991
243076
243167
243209
243270
243482
243620
243880
243978
244050
244174
244206
244304
244316
244320
244579
244677
244683
244771
244924
244931
245081
245148
245260
245285
245400
245520
245550
245746
245973
246007
246262
246377
246463
246736
246781
246795
247041
247112
247119
247342
247394
247495
247634
247685
247854
248014
248085
248099
248211
248221
248493
248608
248673
248863
248993
248995
249071
249155
249205
249442
249663
249772
249892
249980
250041
250058
250335
250392
250620
250687
250873
250996
251033
251205
251240
251279
251293
251438
251516
251627
251680
251784
251785
251802
251897
251961
252075
252243
252378
252582
252731
252745
252817
252983
253194
253371
253410
253431
253565
253700
253745
253826
253953
254218
254455
254510
254535
254648
254710
254792
254901
254909
255013
255034
255117
255313
255382
255603
255625
255800
255957
256042
256119
256149
256219
256221
256563
256745
256802
256876
257036
257344
257349
257421
257605
257725
257877
257940
257968
258008
258067
258077
258100
258360
258719
258806
258911
258931
258966
258983
259119
259231
259416
259417
259527
259592
259673
259911
259928
260221
260492
260496
260518
260790
260934
261060
261078
261224
261274
261444
261559
261570
261615
261721
261785
261843
261868
261887
261937
262001
262066
262178
262183
262272
262398
262428
262558
262653
262823
262828
262848
262966
263314
263468
263611
263679
263861
263937
264027
264354
264373
264547
264789
264905
264911
264942
264990
265293
265568
265587
265720
265763
265792
265816
265941
266230
266297
266299
266585
266618
266629
266632
266636
266699
266764
266880
266992
267121
267245
267260
267294
267369
267382
267531
267531
267562
267578
267624
267624
267696
267810
267985
268016
268287
268403
268503
268801
268821
268889
268938
269072
269236
269245
269283
269331
269398
269462
269619
269741
269973
269983
270197
270419
270593
270657
270661
270790
270842
271003
271036
271038
271221
271266
271275
271334
271374
271480
271558
272184
272279
272298
272403
272414
272730
272793
272812
273012
273096
273149
273225
273226
273481
273667
273800
273884
273966
274018
274039
274292
274327
274754
274786
274938
274946
275092
275109
275244
275318
275379
275386
275477
275778
275873
275991
276078
276246
276281
276300
276409
276410
276480
277002
277068
277360
277796
277826
277846
277855
277923
278005
278014
278113
278127
278193
278215
278516
278519
278552
278592
278707
278806
278834
278861
278891
278991
279012
279026
279102
279171
279242
279347
279501
279597
279626
279709
279762
279801
279859
279936
279967
279980
280142
280407
280491
280683
280762
280967
281024
281134
281285
281333
281341
281453
281465
281772
281805
281864
281896
282013
282016
282041
282118
282176
282597
282839
282891
282915
282960
282964
283085
283152
283532
283547
283687
283799
283805
283875
283994
283996
284046
284097
284219
284225
284226
284339
284606
284693
284742
284786
284825
284896
284927
284984
285284
285773
285819
285824
285848
285858
285886
285929
286108
286302
286488
286723
286774
286914
286959
287031
287201
287366
287539
287685
287757
287931
288088
288106
288151
288202
288207
288330
288341
288474
288503
288514
288588
288598
288699
288703
288759
288837
288954
289021
289140
289192
289265
289452
289526
289651
289673
290127
290273
290293
290971
291081
291238
291276
291291
291353
291479
291767
291822
291863
291867
292085
292213
292261
292495
292560
292735
292820
292921
292926
292953
293003
293134
293345
293630
293632
293942
293977
293980
294056
294100
294107
294406
294464
294511
294515
294591
294643
294675
294787
295112
295342
295461
295491
295568
295713
295966
295969
296125
296419
296479
296488
296509
296701
296722
296795
296870
296906
297190
297202
297323
297375
297384
297492
297778
297812
297817
297870
297973
298025
298117
298491
298528
298702
298702
298759
298980
299133
299250
299547
299657
299788
299967
300022
300107
300292
300476
300605
300678
300692
300907
300942
301283
301317
301411
301466
301475
301544
301569
301766
301782
301900
301976
302164
302164
302194
302573
302731
302770
302776
302967
302976
302997
303002
303080
303148
303219
303240
303275
303460
303515
303579
303683
303963
303964
304150
304151
304277
304896
304949
305170
305403
305444
305503
305661
305776
305851
305932
306001
306078
306124
306312
306614
306753
306844
306955
307106
307505
307631
308000
308113
308147
308162
308177
308192
308431
308447
308475
308699
308727
308869
309053
309133
309318
309472
309509
309520
309623
309748
309779
309786
309850
309981
310098
310226
310254
310313
310327
310347
310461
310481
310493
310501
310575
310722
310774
310842
310842
310979
311007
311013
311112
311241
311244
311374
311401
311517
311850
311888
311930
312212
312386
312541
312545
312550
312557
312649
312661
312677
312736
313222
313323
313509
313671
313823
313958
314134
314204
314257
314278
314298
314380
314382
314401
314414
314425
314753
314961
315030
315041
315067
315409
315473
315504
315505
315557
315605
315679
315789
315870
316013
316291
316293
316472
316488
316518
316633
316674
316705
317253
317563
317648
317653
317655
317659
317927
318391
318414
318502
318659
318759
318806
318853
318871
318953
319070
319124
319307
319332
319514
319638
319758
319943
320023
320097
320167
320217
320222
320324
320344
320535
320889
320912
320933
321228
321412
321428
321491
321679
321888
321916
322086
322167
322168
322293
322359
322379
322462
322472
322597
322999
323041
323344
323429
323470
323612
323624
323683
323807
323808
323878
324044
324059
324103
324161
324166
324340
324420
324481
324638
324645
324676
324746
324830
324930
324942
325161
325305
325348
325391
325398
325471
325575
325662
325686
325916
326019
326305
326439
326827
326861
326870
326992
326996
327099
327205
327335
327427
327504
327647
327737
327745
327754
327794
327990
328118
328295
328348
328412
328564
328575
328627
328706
329048
329170
329230
329367
329418
329490
329643
329678
329695
329899
330025
330341
330388
330456
330659
330723
330773
330884
331012
331012
331014
331298
331401
331424
331549
331573
331585
331880
331961
331994
332033
332155
332440
332637
332662
332736
332845
332975
333022
333044
333104
333138
333255
333258
333579
333674
333802
333876
334046
334127
334128
334214
334221
334265
334301
334336
334633
334703
334725
334749
334922
335214
335300
335468
335507
335601
335703
335795
335868
335869
335924
335927
335932
335997
336053
336171
336236
336311
336391
336728
337076
337151
337208
337214
337273
337300
337458
337532
337564
337598
337685
337701
337822
337842
337991
338074
338176
338600
338630
338681
338809
338946
339028
339165
339170
339206
339266
339331
339354
339358
339782
339886
339935
340022
340057
340308
340391
340420
340442
340528
340640
340782
340812
340813
340953
341171
341388
341404
341611
341670
341707
342012
342210
342220
342553
342586
342665
342669
342797
342864
342918
342937
342939
343032
343242
343348
343519
343585
343587
343695
343840
343883
343895
343898
344007
344252
344579
344887
344961
344995
345024
345135
345153
345209
345260
345278
345322
345515
345525
345719
345747
346176
346229
346348
346365
346598
346690
346781
346906
347230
347450
347471
347518
347992
348187
348210
348253
348326
348349
348380
348465
348666
348903
349015
349089
349104
349179
349467
349514
349519
349546
349708
349715
349733
349742
349953
350008
350125
350262
350387
350435
350584
350610
350777
350790
350992
350999
351078
351159
351216
351298
351384
351453
351647
351673
351974
352055
352078
352095
352116
352386
352682
352735
352821
352898
352900
353101
353207
353270
353528
353791
353910
353933
354356
354391
354622
354709
354723
354748
354797
354926
354958
355002
355153
355257
355361
355398
355465
355497
355550
355786
355787
355843
355908
355960
355983
356032
356194
356283
356338
356471
356476
356574
356706
356764
356793
356879
356880
356930
356961
357135
357176
357195
357383
357414
357680
357780
357810
358019
358085
358298
358362
358505
358558
358599
358635
358662
358694
358733
358808
359015
359024
359078
359356
359397
359486
359547
359729
359805
359924
359937
360101
360266
360349
360383
360443
360493
360547
360569
360578
360640
360815
360844
360855
360952
360956
361034
361045
361137
361163
361174
361238
361239
361378
361476
361572
361678
361738
361803
361908
362028
362085
362150
362188
362204
362388
362486
362647
362653
362697
362829
363143
363228
363277
363327
363370
363425
363638
363698
363721
363762
363778
363813
363884
364468
364872
364985
365118
365238
365674
365784
365907
365982
366039
366153
366240
366253
366287
366384
366482
366509
366720
366805
366958
367012
367076
367186
367238
367365
367370
367378
367435
367463
367630
367852
367989
368041
368178
368188
368288
368500
368501
368566
368580
368645
368652
368700
368803
368920
369100
369104
369105
369149
369180
369470
369533
369589
369668
369783
369818
369883
369939
370030
370301
370302
370336
370422
370525
370802
370944
370960
370964
371124
371209
371432
371503
371981
372127
372282
372504
372706
373053
373055
373314
373384
373437
373457
373513
373697
373759
373797
373921
373969
373976
374037
374177
374198
374253
374309
374366
374488
374543
374673
374682
374752
374763
374845
375036
375064
375376
375518
375764
375922
376113
376199
376310
376424
376434
376642
376693
376776
376852
376928
376992
377057
377114
377319
377362
377377
377406
377464
377483
377704
377789
377895
377933
377945
377966
377990
378001
378270
378285
378715
378787
378923
379239
379336
379453
379548
379661
379731
379781
379877
379879
380049
380118
380547
380642
380774
380848
380992
381263
381481
381524
381575
381659
381689
381882
381910
381917
381929
382210
382257
382276
382722
382916
383117
383166
383219
383246
383307
383386
383536
383539
383835
384053
384065
384139
384202
384375
384694
384890
384998
385051
385061
385414
385435
385444
385506
385811
385919
386027
386174
386213
386259
386261
386261
386272
386282
386337
386386
386427
386442
386549
386574
386614
386661
386741
386802
386908
387001
387158
387655
387743
388152
388201
388256
388259
388326
388462
388519
388543
388550
388698
388956
388974
388977
389029
389336
389360
389392
389399
389923
390111
390197
390206
390427
390474
390538
390603
390655
390783
390784
390871
390928
390932
391207
391220
391532
391560
391733
391921
391929
392067
392382
392540
392601
392794
392940
393003
393824
393897
394045
394177
394210
394216
394517
394543
394561
394729
394739
394752
394866
395146
395279
395484
395582
395775
395806
395808
395867
395875
395889
395997
396015
396189
396298
396345
396575
396661
396765
396890
396959
397079
397096
397109
397193
397478
397503
397523
397589
397981
398007
398288
398320
398671
398679
398722
398808
398829
398902
398956
399053
399084
399136
399160
399250
399364
399559
399617
399682
399697
399761
399943
399952
399977
400468
400537
400734
400769
400922
401063
401235
401240
401250
401268
401313
401383
401533
401639
401645
401691
401732
401798
401952
401995
401995
402027
402105
402269
402357
402525
402636
402856
402904
403009
403062
403231
403236
403249
403283
403530
403600
403629
403644
403659
403722
403740
403790
404233
404394
404464
404538
404781
404801
405108
405387
405395
406100
406187
406253
406337
406408
406422
406455
406477
406492
406518
406955
407179
407356
407376
407412
407522
407529
407561
407671
407853
407912
407973
408060
408105
408155
408304
408614
408644
408646
408656
408742
409005
409139
409182
409201
409476
409692
410485
410493
410575
410858
410956
411032
411177
411232
411344
411521
411670
411677
411733
411993
412199
412205
412374
412393
412541
412545
412733
412883
412918
412923
412982
413255
413290
413489
413621
413995
414108
414119
414140
414171
414417
414455
414491
414515
414539
414624
414626
414780
414830
414849
414893
414900
415055
415167
415183
415613
415700
415703
415731
415802
416319
416346
416349
416387
416438
416528
416639
416907
416915
416989
417068
417094
417229
417240
417263
417583
417632
417641
417642
417752
417804
417921
418053
418271
418335
418582
418672
418742
418770
418790
418882
419045
419052
419128
419201
419270
419349
419458
419514
419542
419554
419591
420072
420076
420093
420166
420196
420240
420663
420806
421086
421093
421115
421116
421185
421268
421351
421449
421569
421703
421871
421907
421911
421930
421958
422356
422401
422418
422489
422655
422712
422811
422814
422876
422930
422961
422994
423271
423338
423350
423749
423832
423844
423856
423857
424141
424280
424432
424435
424471
424530
424569
424671
424716
424818
424889
425008
425010
425171
425295
425302
425477
425576
425720
425884
425975
425982
426271
426312
426330
426355
426366
426385
426452
426664
426699
426755
426871
427077
427105
427140
427425
427686
427766
427827
427880
427913
428120
428303
428309
428497
428614
428688
428741
428793
429001
429004
429133
429166
429171
429357
429363
429383
429434
429479
429543
429861
429919
429919
430316
430408
430413
430467
430553
430633
430750
430819
430862
430932
431018
431196
431225
431305
431407
431418
431439
431440
431484
431507
431649
431748
431881
431881
432187
432248
432518
432538
432610
432685
432783
432949
433006
433065
433070
433271
433528
433535
433826
433839
433907
433923
433990
434009
434025
434186
434188
434384
434386
434425
434686
434707
434756
435295
435505
435654
435886
436108
436260
436263
436293
436295
436409
436480
436556
436564
436651
436924
436940
437006
437057
437088
437252
437417
437524
437543
437602
437718
437944
438110
438309
438329
438406
438555
438781
438789
438812
439044
439121
439162
439311
439370
439406
439838
439886
439945
440336
440399
440601
440706
440858
440966
441065
441413
441990
442126
442281
442285
442335
442363
442581
442623
443055
443233
443251
443540
443682
443809
443841
443849
444107
444151
444213
444391
444448
444480
444498
444538
444622
444746
444810
444813
444904
445005
445389
445402
445412
445618
445703
445744
445773
445796
445878
445991
446038
446062
446079
446307
446310
446465
446558
446680
446743
446874
446896
446905
446912
447063
447188
447302
447390
447434
447500
447513
447786
447839
447874
448114
448144
448227
448239
448388
448631
448707
448726
448751
448797
449100
449494
449587
449864
449944
449965
449995
449999
450031
450127
450198
450219
450571
450572
450578
450581
450594
450790
450816
451022
451164
451284
451300
451542
451872
451965
451980
451995
452162
452195
452353
452471
452514
452805
452818
452884
452947
453030
453194
453242
453387
453506
453527
453535
453582
453614
453889
453943
453962
453968
454013
454029
454081
454639
454932
455012
455219
455294
455369
455447
455463
455521
455595
455967
455976
456024
456036
456199
456312
456511
456546
456621
456744
456781
456836
456847
456970
457057
457200
457241
457532
457814
457864
457894
457983
458302
458332
458361
458418
458426
458427
458463
458469
458533
458830
458930
458951
459114
459171
459199
459463
459494
459496
459569
459595
459623
459811
459883
460003
460123
460129
460326
460336
460386
460472
460631
460664
460666
460815
460931
461294
461381
461410
461431
461577
461597
461622
461827
462088
462146
462211
462225
462258
462354
462555
462944
462991
463161
463486
463494
463728
463736
463811
463818
463855
464067
464098
464118
464182
464202
464248
464801
464911
464973
465071
465107
465113
465213
465224
465320
465685
465782
466014
466053
466079
466251
466289
466300
466311
466312
466493
466847
466897
467034
467037
467234
467387
467525
467631
467690
467699
467741
467816
467879
467899
468139
468232
468262
468326
468341
468456
468543
468717
468773
468811
468864
468893
468899
469046
469058
469122
469140
469392
469430
469444
469469
469521
469717
469915
470026
470040
470050
470255
470320
470354
470497
470649
470817
470821
470985
471103
471241
471270
471290
471482
471549
471617
471619
471737
471780
471964
472025
472064
472073
472253
472287
472395
472453
472608
472772
472911
472978
472980
472989
473002
473040
473176
473194
473232
473257
473399
473573
473756
473758
473808
473983
474056
474182
474251
474279
474337
474358
474376
474383
474443
474482
474631
474639
474671
474676
474857
474860
474975
474981
475003
475066
475223
475424
475624
475726
475817
475876
475923
475934
476179
476238
476376
476496
476684
476727
476766
477085
477278
477345
477389
477416
477445
477679
477681
477719
477754
477814
477843
478237
478402
478444
478447
478466
478642
478700
478705
478777
478790
478801
478900
479063
479148
479257
479384
479406
479411
479472
479548
479706
479763
479818
479848
479964
480245
480256
480272
480596
480937
480944
481089
481101
481363
481520
481523
481567
481639
481817
481855
481905
481909
481926
481931
481941
481994
482010
482044
482076
482105
482198
482273
482356
482398
482435
482615
482980
483153
483261
483343
483405
483475
483662
483674
483677
483703
483761
483786
483936
483940
483941
484166
484211
484217
484238
484292
484368
484531
484780
484874
485027
485114
485132
485157
485162
485251
485390
485423
485430
485572
485575
486184
486430
486525
486570
486578
486600
486742
486830
486838
486980
487131
487412
487431
487435
487467
487832
488269
488384
488430
488432
488511
488796
488872
488969
489211
489470
489516
489532
489612
489731
489775
490035
490055
490078
490112
490164
490264
490379
490543
490837
490875
490899
490916
490990
491153
491302
491336
491348
491641
491749
491808
491952
491955
492043
492274
492287
492293
492329
492482
492695
493200
493263
493682
493722
493959
494129
494186
494196
494216
494313
494442
494543
494591
494914
495235
495248
495258
495296
495396
495470
495625
495626
495706
496066
496122
496401
496455
496575
496625
496677
496802
496846
496888
496946
497015
497193
497194
497203
497375
497495
497629
497630
497754
497790
497913
498178
498204
498245
498419
498556
498576
498754
498797
498833
499031
499219
499387
499390
499425
499566
499804
499811
499932
499944
500039
500057
500320
500399
500782
500826
500832
501088
501175
501291
501299
501634
501698
501736
501928
502020
502144
502411
502508
502581
502757
503229
503339
503350
503353
503410
503421
503457
503673
503692
503750
503861
503982
504044
504266
504305
504332
504480
504725
504788
504956
505032
505096
505247
505413
505533
505726
505753
505794
505805
506099
506105
506167
506181
506206
506319
506343
506736
506878
507006
507089
507321
507378
507406
507568
507647
507654
507686
507769
507813
507999
508352
508395
508602
508646
508789
509024
509091
509192
509433
509518
509715
509772
509816
509825
509970
510034
510145
510171
510178
510266
510420
510555
510647
510771
510912
510982
511140
511208
511404
511485
511550
511581
511762
512240
512262
512307
512348
512404
512505
512550
512577
512592
512593
512637
512680
512763
513254
513272
513328
513373
513477
513615
513695
513801
513887
513910
513939
513994
514065
514224
514390
514417
514752
514765
514886
515010
515150
515215
515330
515570
515662
515748
515760
515772
515903
515998
516033
516181
516281
516307
516422
516748
516899
516994
517046
517104
517201
517272
517300
517451
517571
517743
517827
517930
517966
518020
518038
518226
518387
518394
518487
518640
518801
518836
518905
519028
519341
519361
519719
519939
520041
520490
520495
520589
520612
520947
520973
521173
521201
521290
521369
521381
521457
521533
521717
521756
521817
521838
521864
522024
522201
522202
522500
522504
522511
522620
522664
522665
522790
522946
523050
523145
523147
523444
523513
523550
523581
523781
523947
524003
524033
524205
524229
524260
524338
524339
524599
524910
525160
525182
525215
525233
525305
525344
525360
525590
525598
525628
525914
526137
526209
526416
526504
526572
526922
526938
526965
527058
527142
527291
527291
527315
527399
527553
527559
527565
527602
527711
527930
528351
528439
528467
528719
528823
528867
528940
529125
529177
529181
529234
529400
529404
529584
529725
529851
530120
530205
530297
530313
530382
530385
530400
530437
530569
530576
530604
530829
530842
530956
531116
531326
531348
531369
531388
531442
531453
531728
531730
531856
531860
531863
532056
532190
532528
532584
532731
532965
533032
533110
533112
533144
533344
533630
533661
534096
534147
534245
534507
534639
534852
534906
535040
535220
535266
535268
535439
535511
535753
535781
536120
536219
536502
536811
537002
537041
537232
537291
537489
537620
537845
537896
537904
538245
538451
538451
538457
538524
538555
538673
538779
538782
538901
539270
539334
539387
539416
539430
539553
539605
539606
539748
539919
539952
540035
540203
540234
540494
540626
540651
540696
540703
540760
540822
540850
540908
540970
540990
541051
541151
541194
541221
541375
541547
541660
541955
541978
542014
542084
542095
542121
542130
542150
542347
542377
542401
542876
542886
543121
543215
543254
543339
543449
543567
543996
544059
544098
544130
544180
544234
544309
544394
544425
544470
544559
544614
544626
544646
544693
544833
544923
545023
545035
545054
545081
545127
545156
545177
545181
545191
545196
545380
545488
545507
545585
545591
545615
545637
545657
545773
546141
546211
546286
546384
546390
546735
546904
546959
547010
547032
547039
547154
547219
547270
547373
547829
547875
547988
547988
548163
548222
548580
548588
548739
548781
548785
548786
548831
549146
549191
549217
549220
549229
549240
549338
549345
549437
549499
549550
549623
549676
549684
549703
549809
549920
550017
550103
550180
550296
550366
550399
550464
550539
550577
550890
551252
551320
551420
551600
551642
551643
551845
551862
551883
551898
551930
551988
552189
552341
552344
552388
552608
552854
552964
552993
553018
553020
553057
553057
553112
553211
553222
553671
553816
553874
553888
553955
554019
554452
554580
554743
554783
554837
554878
554887
555010
555015
555025
555066
555182
555423
555552
555635
555855
555867
555938
556146
556327
556447
556543
556554
556637
556671
556816
556821
556862
556886
557105
557286
557426
557485
557511
557516
557559
557584
557832
558098
558374
558496
558548
558728
558942
559002
559037
559044
559202
559555
559571
559997
560161
560255
560604
560626
560739
560821
560823
560929
560938
561133
561161
561188
561294
561373
561472
561557
561559
561560
561592
561601
561820
561936
562019
562396
562505
562544
562551
562615
562664
562741
562770
562794
562829
562868
562873
562967
562969
563100
563121
563122
563257
563522
563642
563707
563815
563887
563913
564049
564051
564145
564222
564256
564424
564506
564551
564781
564844
564874
564918
564941
564941
564988
565002
565156
565205
565271
565299
565517
565530
565624
565735
565763
565785
566114
566167
566184
566440
566485
566540
566695
566699
566737
567283
567387
567455
567505
567581
567692
567722
567791
567810
567833
568367
568465
568490
568530
568612
568720
568756
568811
568871
568879
568889
568914
569275
569393
569546
569807
569853
569860
569881
569896
570087
570198
570375
570485
570523
570563
570599
570825
570943
571160
571496
571583
571724
571771
571819
572003
572070
572158
572159
572187
572222
572276
572519
572530
572543
572548
572580
572651
572665
572712
572843
572880
572893
572920
572975
573028
573118
573335
573351
573520
573541
573571
573746
573788
573790
573799
573833
574021
574177
574284
574508
574531
574593
574734
574748
574799
574922
575061
575110
575182
575184
575308
575326
575497
575718
575741
575780
575865
575961
575999
576018
576257
576869
576895
576963
577046
577091
577131
577163
577189
577198
577281
577342
577510
577520
577565
577806
577979
578166
578303
578310
578341
578447
578561
578578
578813
578854
579126
579128
579208
579353
579564
579649
579691
579723
579872
579960
580011
580036
580039
580044
580249
580258
580276
580514
580559
580703
581178
581402
581411
581471
581548
581613
581777
582026
582245
582320
582327
582369
582414
582474
582542
582657
582729
582747
582825
582851
582882
582895
582923
582937
582949
583028
583669
583676
584042
584050
584154
584399
584471
584574
584730
584857
584983
584989
585008
585014
585025
585032
585083
585221
585232
585270
585282
585303
585306
585338
585351
585448
585523
585635
585715
585884
585944
585957
585999
586020
586078
586121
586139
586270
586286
586437
586486
586540
586560
586724
586755
586827
586852
587401
587611
587691
587940
588049
588080
588185
588301
588339
588372
588386
588482
588497
588849
588901
589042
589142
589488
589543
589801
589844
590017
590075
590182
590207
590302
590396
590479
590480
590507
590512
590665
590692
590700
590886
591141
591210
591459
591535
591577
591620
591692
591777
591903
591952
592045
592052
592226
592249
592252
592259
592451
592740
592741
592805
592973
593234
593250
593389
593428
593466
593780
593803
594130
594136
594141
594202
594261
594367
594519
594601
594604
594763
594968
595003
595121
595181
595200
595314
595580
595694
595763
595826
595862
595868
596022
596034
596160
596162
596198
596237
596518
596538
596750
596771
597053
597134
597189
597261
597339
597696
597703
597731
597894
597919
597932
597964
598005
598075
598131
598182
598206
598243
598373
598834
598857
599060
599330
599489
599496
599747
599779
599893
599957
600037
600214
600306
600605
600684
600914
600972
601010
601041
601105
601412
601586
601651
601869
601923
602092
602150
602306
602345
602624
602647
602691
602733
602854
602896
602955
602988
603030
603282
603299
603321
603466
603519
603593
603838
603965
604248
604402
604403
604624
604678
604756
604953
605016
605033
605055
605074
605078
605125
605241
605505
605535
605817
605828
605913
605915
605923
606138
606322
606333
606499
606529
606555
606570
606621
606800
607375
607415
607415
607716
607750
607752
608140
608212
608262
608341
608368
608442
608520
608547
608565
608574
608641
608863
608896
608917
608970
609068
609260
609289
609443
609508
609600
609615
609624
609745
609891
610095
610104
610179
610258
610281
610399
610415
610485
610498
610538
610588
610595
610663
610758
610796
610820
610957
611068
611089
611398
611426
611435
611633
611674
611714
611798
611929
612055
612062
612088
612145
612164
612260
612328
612379
613035
613168
613320
613383
613431
613546
613625
613960
613972
613995
614119
614152
614370
614506
614627
614834
614992
615026
615377
615551
615761
615962
616009
616155
616160
616215
616371
616521
616527
616564
616625
616722
616843
616888
617014
617501
617529
617635
617859
618180
618217
618253
618359
618468
618492
618529
618571
618767
619259
619387
619513
619813
619849
619855
619907
619977
619993
620109
620324
620333
620459
620515
620522
620649
620799
620845
621082
621151
621273
621518
621589
621598
621659
621705
621737
621801
621926
622081
622104
622239
622728
622737
623171
623287
623301
623480
623495
623711
623777
623871
623937
623995
624042
624199
624240
624510
624669
624795
625074
625183
625243
625435
625480
625548
625738
625869
625912
626022
626353
626533
626572
626676
626723
626747
626775
627091
627366
627469
627600
628040
628109
628113
628115
628335
628355
628415
628518
628541
628559
628569
628674
628964
629025
629033
629039
629082
629226
629279
629382
629529
629573
629578
630117
630281
630330
630393
630629
630762
630877
630965
630971
630995
631016
631067
631133
631144
631169
631253
631629
631638
631756
632063
632279
632400
632421
632494
632766
633111
633208
633293
633390
633495
633613
633645
633647
633721
633759
633777
633913
633951
633967
634154
634342
634358
634385
634628
634634
634721
634756
634885
634951
634974
635031
635035
635293
635364
635549
635582
635650
635705
635720
635757
635936
636007
636024
636045
636139
636157
636513
636738
636780
636823
636979
636991
637001
637136
637214
637437
637494
637620
637957
638031
638056
638211
638223
638269
638318
638394
638648
639220
639313
639359
639591
639754
639887
639986
640025
640058
640155
640253
640276
640399
640424
640474
640568
640650
640693
640724
640935
641135
641206
641568
641609
641743
641878
641912
642311
642394
642517
642710
642780
642811
642834
642836
642945
643080
643092
643120
643587
643684
643814
643953
643990
643993
644190
644250
644297
644350
644370
644381
644535
644546
644550
644590
644628
644640
644718
644734
644827
644849
644993
645009
645022
645063
645176
645289
645438
645547
645552
645584
645699
645729
645830
645941
645979
646131
646240
646350
646381
646406
646431
646434
646491
646539
646624
646689
647141
647205
647319
647457
647639
647762
647978
648147
648288
648407
648730
649182
649352
649355
649417
649424
649535
649606
649682
649756
649766
649893
649925
650080
650160
650210
650242
650302
650360
650375
650415
650485
650523
650653
650735
650749
650965
650992
651004
651061
651205
651400
651436
651667
651914
651936
652126
652135
652297
652415
652585
652601
652665
652765
652819
652834
652986
653048
653196
653236
653314
653418
653496
653517
653560
653656
653665
653806
653820
653848
653890
653936
654087
654161
654205
654214
654262
654312
654598
654716
654771
654824
655000
655050
655076
655108
655123
655294
655514
655701
655956
656127
656132
656146
656201
656224
656227
656242
656340
656484
656552
656608
656625
656627
656775
656906
656997
657005
657129
657263
657385
657393
657556
657558
657717
657755
657849
657868
657913
658263
658404
658529
658543
658552
658611
658704
658749
658898
658950
659007
659055
659087
659152
659161
659185
659323
659421
659580
660282
660802
660849
660863
660891
660898
660904
660906
661088
661098
661158
661264
661406
661510
661723
661792
661802
661973
661985
662005
662023
662121
662267
662390
662431
662588
662849
662915
663089
663164
663164
663183
663232
663235
663326
663499
663527
663533
663571
663713
663739
663739
663919
663966
664230
664310
664460
664544
664549
664719
664876
664883
664927
665029
665161
665376
665386
665432
665480
665760
665763
666055
666195
666209
666213
666217
666336
666380
666459
666611
666639
666663
666701
666702
666855
667287
667446
667529
667729
667833
667863
667903
667923
668112
668190
668296
668327
668508
668517
668981
669100
669193
669338
669356
669361
669493
669604
669778
669879
669891
669904
669920
669942
669951
670023
670124
670193
670209
670215
670235
670967
671093
671094
671106
671196
671245
671334
671513
671536
671679
671830
671885
671928
672031
672043
672128
672172
672180
672323
672406
672558
672720
672769
672799
672835
673084
673393
673520
673589
673669
673769
673825
673866
673916
674118
674219
674448
674547
674558
674883
674976
675132
675541
675570
675711
675767
675851
675904
676020
676072
676247
676535
676577
676626
676651
676737
676821
676886
676995
677041
677081
677173
677641
677774
677811
678175
678191
678321
678610
678610
678624
678668
678682
678710
678917
679052
679140
679151
679288
679442
679548
679695
680108
680193
680196
680237
680330
680446
680558
680742
680835
680850
680877
680927
680937
681104
681306
681425
681542
681778
681855
682052
682266
682284
682295
682395
682415
682532
682556
682572
682669
682742
682923
682987
683104
683245
683316
683337
683438
683462
683640
683707
683883
683920
684059
684080
684134
684374
684422
684472
684551
684578
684668
684724
684841
684957
685076
685129
685196
685206
685274
685358
685706
685754
685863
686025
686123
686156
686188
686326
686367
686435
686579
686685
686753
686758
686764
686869
686989
686993
687066
687091
687181
687316
687323
687337
687572
687573
687585
687654
687759
687894
687897
688188
688389
688437
688614
688649
688814
688868
689274
689333
689430
689448
689462
689476
689571
689766
689785
689845
689923
689970
690044
690158
690203
690310
690312
690489
690497
690956
690972
690986
691047
691049
691329
691400
691410
691430
691600
691727
691734
691811
691862
691938
692077
692182
692273
692446
692467
692842
692900
693124
693169
693194
693203
693251
693653
693658
693683
693802
693863
694116
694270
694314
694428
694825
694885
694950
695132
695231
695366
695726
695743
695970
696082
696253
696500
696547
696599
696666
696673
696734
696757
696886
696924
696934
696936
697040
697043
697054
697091
697121
697269
697311
697389
697438
697500
697528
697705
697750
697769
697868
698010
698029
698097
698249
698352
698443
698573
698590
698602
698687
698699
698765
698770
698770
698808
698860
699057
699074
699085
699123
699250
699311
699525
699605
699653
699725
699898
699958
700015
700071
700101
700127
700261
700343
700417
700526
700605
700681
700755
700817
701082
701184
701564
701599
701686
701767
701992
702015
702218
702384
702480
702520
702558
702600
702792
702897
702931
702990
703028
703150
703214
703248
703297
703316
703430
703479
703550
703570
703666
703794
703938
703957
703997
704133
704150
704320
704324
704482
704732
704762
704772
705102
705166
705298
705322
705472
705683
705747
705761
705869
705982
706143
706222
706263
706313
706394
706407
706413
706541
706876
707129
707152
707323
707323
707387
707442
707444
707462
707516
707761
707823
708016
708280
708322
708469
708489
708505
708679
708703
708746
708765
708852
708966
709135
709266
709271
709489
709502
709633
709658
709889
709931
709966
710029
710070
710549
710563
710680
710684
710730
710853
711012
711028
711106
711175
711201
711296
711331
711423
711573
711836
712587
712762
712783
712820
712820
712858
713137
713176
713480
713497
713526
713542
713688
713890
713901
713943
713984
714170
714321
714350
714668
714738
714786
715058
715061
715116
715180
715750
715973
716121
716125
716147
716172
716283
716299
716586
716646
716955
717328
717547
717676
717755
717791
717798
717947
718058
718066
718135
718175
718502
718506
718660
718675
718788
719028
719250
719389
719424
719427
719609
719660
719813
719965
720009
720100
720180
720212
720317
720325
720466
720687
720810
720996
721064
721138
721297
721314
721325
721414
721541
721546
721579
721797
721957
721966
722104
722192
722289
722362
722386
722489
722546
722660
722685
722696
722710
722715
722732
722737
722743
722929
722947
723000
723028
723092
723131
723221
723296
723411
723510
723570
723651
723804
723901
723924
723959
723987
724009
724032
724145
724196
724265
724532
724564
724650
724669
724675
724708
725201
725302
725638
725657
725827
725870
725936
726019
726139
726142
726237
726247
726253
726301
726353
726598
727012
727015
727052
727065
727097
727166
727176
727245
727300
727352
727363
727434
727447
727571
727594
727734
727741
727827
728027
728099
728113
728143
728404
728449
728459
728474
728747
728926
729001
729036
729138
729224
729234
729254
729495
729515
729794
729799
730025
730356
730361
730545
730839
730910
731098
731427
731580
731662
731753
731808
731973
731993
732015
732172
732259
732530
733014
733021
733039
733041
733046
733417
733628
733676
733742
733782
733939
733992
734000
734140
734153
734172
734290
734410
734738
734760
734802
734807
734824
734827
734829
734890
734930
734952
735223
735240
735260
735294
735461
735515
735619
735661
735882
735903
736013
736074
736235
736331
736432
736478
736527
736565
736653
736811
736816
736909
736975
736997
737038
737092
737313
737416
737665
737869
737904
738145
738448
738688
738889
739366
739516
739522
739647
739844
740014
740021
740158
740265
740374
740469
740505
740517
740577
740647
740648
740772
740864
740896
741037
741124
741180
741217
741296
741323
741726
741727
741794
741820
741959
741970
742025
742057
742109
742126
742329
742388
742408
742482
742611
742643
742655
742892
742959
743051
743153
743184
743237
743421
743550
743597
743694
743828
743972
743982
743993
744056
744067
744312
744327
744542
744696
744736
744823
744955
745002
745173
745176
745388
745456
745508
745848
745911
745948
746029
746083
746096
746151
746200
746256
746362
746369
746468
746904
746928
747335
747490
747500
747684
747732
747854
748365
748425
748501
748519
748519
748571
748572
748653
748671
748712
748765
748770
748821
748847
748902
749203
749448
749495
749523
749641
749690
749836
749882
750561
750578
750588
750630
750693
750935
751018
751072
751306
751409
751433
751603
751638
751776
751851
751945
752012
752061
752126
752141
752344
752394
752400
752470
752587
752789
752813
752838
752884
752945
753187
753446
753513
753581
753716
753899
754118
754153
754209
754263
754496
754612
754618
754725
754859
754965
755114
755245
755371
755426
755709
755979
756023
756118
756150
756287
756307
756359
756401
756430
756464
756532
756552
756578
756739
756791
756849
756862
757343
757585
757715
757783
757839
757840
758091
758110
758286
758544
758670
758703
758865
758885
758971
759422
759472
759513
759538
759664
759758
759862
759986
760001
760008
760276
760289
760315
760321
760366
760403
760565
760844
760982
761046
761112
761260
761282
761332
761487
761508
761596
761676
761805
761864
761895
761904
761997
762089
762110
762152
762367
762607
762611
762619
762630
762922
762941
763078
763218
763248
763314
763360
763382
763415
763545
763909
763977
764065
764106
764139
764204
764288
764370
764520
764710
764818
764864
765057
765083
765422
765471
765533
765630
765637
765642
765706
765750
765888
766149
766182
766190
766244
766276
766349
766386
766585
766772
766992
767026
767043
767207
767237
767373
767552
767804
767869
767911
768114
768224
768312
768333
768359
768465
768546
768552
768606
768618
768642
768882
768925
768927
768962
769083
769156
769220
769365
769518
769608
769636
769640
769659
769833
769888
769999
770295
770341
770514
770532
770715
770780
770783
770936
770956
771259
771311
771437
771441
771514
771805
771858
771870
772086
772141
772188
772200
772238
772298
772399
772411
772656
772741
772744
772796
772805
772835
772843
772899
772958
773041
773233
773245
773594
773693
773904
773905
773974
774222
774274
774286
774301
774468
774626
774720
774790
774914
774941
775069
775096
775257
775261
775264
775274
775312
775385
775403
775431
775596
775607
775640
775648
775734
776265
776303
776549
776584
776603
776623
776855
776891
777091
777175
777217
777224
777342
777638
777932
778293
778318
778348
778589
778674
778731
778842
778861
778877
778889
779344
779476
779531
779560
779584
779703
779869
780085
780299
780301
780435
780448
780622
780714
780893
780924
781032
781050
781228
781238
781326
781399
781443
781473
781545
781620
781706
781835
781969
782109
782188
782222
782341
782424
782506
782541
782710
782824
782894
783034
783038
783042
783077
783095
783169
783249
783475
783485
783540
783754
783955
784206
784239
784254
784452
784498
784539
784559
784568
784652
784802
784895
784931
784970
785013
785027
785034
785069
785129
785177
785363
785389
785564
785676
785684
785852
785859
785948
785956
786080
786341
786375
786625
787230
787373
787380
787471
787791
787857
787861
787880
788195
788303
788321
788407
788447
788609
788635
788645
788789
788831
788861
788942
789013
789072
789086
789189
789251
789254
789504
789512
789740
789771
789844
789849
789893
789964
789971
790008
790089
790135
790215
790279
790338
790351
790528
790556
790718
790751
790785
791243
791285
791332
791470
791506
791711
791717
791806
792227
792243
792243
792269
792287
792323
792380
792441
792448
792500
792508
792531
792652
792720
792793
793089
793146
793478
793543
793548
793907
793996
794008
794053
794087
794196
794236
794296
794316
794316
794683
794684
794767
794833
795103
795121
795340
795447
795711
795812
795877
795883
795960
795968
795999
796067
796133
796183
796208
796244
796410
796441
796678
796708
796713
796760
796804
796959
796985
797131
797133
797273
797327
797475
797487
797749
797751
797766
797772
797906
798150
798272
798354
798402
798541
798657
798699
798979
799071
799112
799192
799293
799303
799359
799462
799466
799623
799732
799833
800134
800558
800699
800873
800965
801027
801251
801390
801713
801735
801739
801981
802312
802361
802404
802492
802541
802558
802699
802766
802851
802961
802969
803073
803261
803416
803466
803548
803649
803737
803836
803907
803996
803998
804529
804655
804697
804732
804770
805041
805144
805196
805315
805319
805407
805460
805467
805669
805678
805764
805917
805940
806002
806208
806209
806488
806550
806585
806705
806805
806829
807011
807176
807244
807277
807297
807387
807423
807473
807566
807715
807774
807864
807897
808460
808547
808581
808602
808611
808758
808850
809022
809229
809319
809454
809490
809576
809624
809636
809679
809825
809901
809937
809955
809975
809980
810001
810054
810128
810136
810334
810338
810509
810513
810665
810754
810760
810863
811008
811174
811263
811375
811403
811491
811798
811844
811859
811947
812018
812019
812127
812256
812345
812417
812507
812587
812625
812713
812865
813159
813200
813231
813692
813773
813989
814220
814307
814310
814436
814448
814578
814633
814785
814859
814869
814889
814993
815075
815129
815274
815326
815579
815673
815678
815727
815793
815875
815879
815910
815987
816107
816112
816385
816580
816608
816729
816987
817001
817102
817167
817186
817243
817290
817450
817503
817560
817870
817877
817909
818000
818122
818129
818170
818515
818523
818566
818643
818661
818817
818927
818964
819064
819275
819490
819629
819725
819897
819925
819937
820003
820107
820208
820379
820424
820647
820728
821103
821113
821344
821404
821543
821621
821647
821805
821864
821902
822135
822340
822394
822476
822603
822677
822708
822733
822760
822763
822791
823090
823190
823203
823819
823974
824151
824210
824238
824255
824258
824492
824624
824652
824691
824719
824726
824726
824835
825067
825092
825109
825177
825178
825289
825332
825401
825410
825449
825536
825596
825599
825644
825684
825719
825748
825774
825806
825834
825881
825958
826047
826269
826270
826332
826395
826430
826604
826868
826968
827045
827231
827240
827341
827454
827536
827589
827633
827942
828124
828292
828324
828348
828394
828571
828588
828711
828999
829042
829078
829088
829093
829348
829555
829636
829661
829686
829890
829932
829955
829967
829972
830124
830240
830328
830468
830923
831112
831201
831226
831228
831304
831394
831484
831573
831653
831757
831838
832037
832048
832060
832066
832124
832211
832228
832287
832330
832367
832484
832807
833029
833156
833182
833205
833224
833238
833509
833527
833533
833580
833624
833811
833821
833922
833997
834308
834423
834466
834495
834496
834584
834697
834738
834763
834785
834873
834966
835012
835055
835088
835123
835140
835466
835527
835673
835956
836167
836272
836281
836401
836489
836567
836637
836791
837016
837024
837116
837148
837320
837345
837386
837390
837440
837526
837711
837796
837799
837848
837929
838083
838294
838296
838311
838326
838384
838405
838513
838535
838698
838892
838985
839028
839084
839177
839203
839421
839440
839444
839542
839749
839782
840052
840303
840404
840754
840762
840938
841001
841099
841112
841256
841262
841336
841386
841478
841511
841566
841744
841824
841849
841862
841876
841880
842076
842099
842152
842291
842538
842583
842641
842699
842727
842735
842905
843004
843196
843215
843401
843434
843451
843501
843564
843737
843777
843940
843988
844101
844155
844501
844566
844592
844788
844807
845071
845295
845315
845382
845436
845451
845530
845670
845672
845695
845765
845776
846137
846202
846287
846290
846412
846499
846553
846598
847093
847287
847289
847500
847571
847597
847626
848007
848048
848360
848418
848473
848488
848588
848605
848620
848679
848750
849241
849423
849493
849547
849580
849607
849613
849659
849849
849952
849982
850094
850126
850290
850570
850658
850663
850665
850700
850737
850759
850826
851066
851281
851378
851382
851403
851423
851489
851525
851610
851985
852009
852226
852327
852485
852576
852626
852671
852755
852843
852967
853011
853022
853078
853151
853225
853257
853333
853374
853524
853715
853844
853881
853935
853962
854005
854073
854085
854117
854270
854432
854498
854707
854828
854933
855023
855199
855304
855591
855904
855957
855963
856000
856234
856313
856482
856600
856619
856668
856711
856749
856987
857019
857308
857481
857529
857546
857638
857690
857748
857790
857791
857842
857933
858021
858121
858204
858226
858256
858340
858489
858521
858539
858573
858763
858764
858776
858805
858898
859151
859160
859376
859646
859877
859883
859948
859990
860096
860098
860153
860172
860294
860311
860359
860464
860968
860988
861116
861209
861292
861347
861530
861601
861714
861718
861728
861807
861944
861955
862134
862138
862181
862193
862239
862284
862551
862570
862647
863081
863291
863367
863571
863584
863718
863732
863808
863973
864024
864042
864100
864173
864192
864342
864350
864389
864671
864872
864933
865083
865092
865192
865193
865464
865541
865796
866016
866101
866110
866119
866165
866211
866233
866377
866504
866540
866598
866636
866797
866895
866904
866944
866970
867010
867085
867387
867468
867508
867638
867875
867937
868128
868267
868284
868396
868553
868996
869255
869308
869346
869396
869525
869550
869551
869601
869693
869792
869819
869853
869922
869944
869946
869960
870139
870216
870232
870274
870611
870739
871045
871068
871080
871116
871141
871377
871642
871704
872310
872456
872479
872498
872696
872758
872839
872892
872939
873057
873229
873280
873345
873368
873621
873774
873842
874028
874088
874104
874108
874247
874513
874622
874706
874727
874763
874823
874966
874983
875043
875055
875258
875382
875386
875525
875599
875610
875670
875681
875695
875742
875769
875907
875993
876007
876025
876211
876275
876502
876559
876620
876692
876724
876938
876945
877036
877059
877135
877139
877192
877355
877356
877378
877465
877531
877582
877596
877764
877843
878053
878152
878432
878516
878589
878651
878690
878714
878985
879000
879214
879320
879544
879870
879873
879903
879967
880079
880085
880113
880273
880282
880634
880777
881099
881279
881281
881422
881621
881771
881876
881912
881938
881984
882040
882063
882248
882258
882308
882373
882409
882594
882633
882652
882678
882778
883035
883066
883087
883156
883579
883583
883588
883692
883789
883870
884144
884298
884324
884325
884335
884436
884478
884517
884551
884553
884645
884738
884789
885059
885079
885266
885267
885464
885495
885668
885689
885919
885939
886096
886383
886396
886542
886923
886932
887181
887231
887343
887607
887799
887942
888026
888209
888344
888368
888374
888395
888407
888433
889222
889332
889388
889705
889841
889956
889977
889984
889991
890150
890249
890355
890482
890491
890807
890822
890882
890973
891050
891140
891286
891335
891447
891572
891620
891672
891793
891852
891942
892001
892080
892177
892273
892447
892537
892918
892946
893311
893373
893632
893649
893852
893960
893964
893988
894145
894211
894312
894510
894559
895143
895151
895281
895318
895368
895452
895547
895707
895779
895933
896091
896494
896514
896642
896941
897113
897328
897658
897681
897824
897868
897889
897964
898050
898163
898194
898442
898479
898563
898645
898772
898856
899154
899217
899242
899253
899441
899535
899548
899813
899985
900065
900428
900527
900563
900706
900971
900973
901152
901353
901506
901701
901759
901803
901879
901905
902036
902044
902187
902201
902268
902299
902392
902495
902590
902676
902701
902722
902829
902867
903010
903011
903120
903169
903418
903461
903587
903608
903854
904027
904029
904099
904158
904354
904369
904668
904685
904856
904924
905152
905160
905206
905247
905254
905284
905638
905766
905824
905929
906049
906061
906251
906609
906967
907114
907609
907787
907789
907828
908029
908203
908214
908343
908440
908443
908790
908808
908825
908852
908951
909185
909226
909304
909333
909356
909588
909740
909776
909934
909976
909985
910030
910073
910262
910316
910346
910436
910523
910539
910543
910585
910632
910652
910680
910997
911143
911259
911259
911437
911439
911540
911611
911767
911897
911948
912005
912044
912127
912130
912174
912197
912319
912529
912615
912618
912699
912762
913015
913102
913168
913264
913284
913355
913486
913494
913547
913571
913632
913638
913807
913879
914141
914377
914476
914698
915029
915055
915082
915092
915159
915201
915258
915302
915310
915663
915675
915704
915738
915787
915846
916063
916094
916221
916232
916288
916325
916369
916556
916590
916682
916694
916775
916934
917470
917492
917713
917721
917751
917858
917882
917981
918497
918506
918528
918591
918721
918921
918984
919074
919216
919246
919304
919420
919472
919560
919577
919643
919670
919817
919823
919825
919861
920358
920376
920506
920735
920747
920865
920920
921165
921260
921355
921402
921433
921656
921738
922001
922039
922106
922165
922286
922318
922529
922562
922615
922621
922855
922877
922908
922996
923007
923195
923220
923254
923260
923301
923466
923632
923633
923653
923663
923771
923942
924000
924182
924186
924329
924615
925049
925063
925171
925412
925448
925665
925684
925760
925923
926143
926266
926284
926348
926574
926875
926886
927077
927408
927415
927483
928048
928290
928356
928500
928617
928701
928810
929106
929131
929234
929247
929913
929946
929948
930185
930206
930209
930382
930592
930754
930807
930883
930945
931002
931480
931557
931583
931783
931903
932051
932054
932157
932247
932403
932611
932632
932652
932655
932789
932797
932806
932889
932913
933334
933374
933426
933668
933715
933966
934012
934177
934188
934481
934583
934745
934796
934884
935003
935078
935237
935735
935785
935905
935967
936082
936396
936427
936484
936541
936664
936701
936806
936823
936873
936873
937073
937278
937299
937521
937868
937923
938134
938187
938203
938231
938410
938538
938587
938630
938703
938983
938986
939037
939118
939345
939541
939635
939880
940029
940068
940156
940275
940344
940400
940419
940614
940635
940709
940740
940778
940817
940854
941061
941124
941305
941405
941406
941448
941612
941679
941909
941958
941986
941995
942043
942044
942076
942113
942224
942365
942444
942468
942590
942613
942650
942691
942741
943070
943211
943263
943307
943401
943538
943557
943611
943617
943779
944014
944041
944098
944312
944313
944361
944461
944593
944611
944633
944875
944926
944939
945060
945103
945184
945243
945473
945498
945553
945726
945897
945908
945951
946063
946095
946189
946233
946328
946462
946562
946757
946819
946821
946931
946959
946974
947124
947180
947375
947505
947593
947639
947738
947747
947898
947962
947972
948028
948103
948244
948244
948248
948255
948285
948356
948383
948402
948654
948693
948722
948742
948782
948848
948866
949042
949203
949237
949268
949430
949478
949521
949575
949684
949721
949728
949756
949968
950263
950442
950469
951264
951431
951467
951649
951841
951900
951971
952193
952209
952255
952409
952478
952487
952579
952593
952594
952652
952682
952734
952806
952891
952951
953118
953254
953445
953458
953470
953709
953740
953780
953855
953863
953938
953961
954185
954615
954645
954709
954809
954817
954975
955077
955190
955196
955343
955404
955465
955489
955494
955719
955816
956008
956086
956245
956380
956412
956477
956583
956584
956618
956783
956797
956851
956967
957042
957060
957093
957274
957373
957375
957449
957454
957576
957637
957681
957691
957799
957981
957991
958207
958207
958330
958336
958689
958701
958734
959092
959257
959349
959351
959732
959744
959746
959823
959944
960150
960215
960217
960261
960388
960529
960721
960772
960795
961100
961179
961245
961351
961363
961623
961701
961767
961900
962337
962339
962479
962543
962551
962693
962731
962773
962951
963067
963129
963199
963227
963238
963376
963395
963412
963493
963520
963523
963547
963576
963803
963861
963865
963895
964099
964284
964408
964479
964553
964671
964695
964714
964717
964793
964838
964910
965050
965128
965138
965262
965610
965723
965791
966090
966225
966237
966328
966483
966706
966851
966958
967165
967178
967195
967230
967257
967299
967400
967499
967568
967686
967872
968026
968205
968319
968360
968422
968443
968533
968638
968788
968869
968945
968984
969024
969231
969356
969417
969469
969548
969565
969691
969692
970291
970502
970525
970551
970595
970692
970692
970741
970807
970813
970845
970870
970989
971025
971051
971127
971342
971674
971756
971795
971804
971969
972123
972183
972235
972427
972487
972612
972806
972818
972915
972967
973057
973121
973507
973559
973621
973701
973735
973770
973777
973791
974075
974081
974091
974129
974143
974168
974253
974510
974550
974568
974594
974902
974920
974950
975075
975140
975327
975432
975479
975606
975721
975809
975925
976075
976128
976245
976346
976402
976457
976618
976618
976625
976685
976741
976818
977009
977168
977200
977255
977286
977324
977379
977430
977551
977615
977678
977718
978044
978054
978168
978604
978792
978830
978865
978900
978926
979007
979018
979075
979142
979173
979192
979295
979509
979789
979885
980114
980163
980298
980318
980354
980359
980574
980619
980704
980811
980870
980936
981102
981145
981161
981481
981506
981519
981762
981822
981974
982035
982103
982135
982239
982290
982334
982406
982600
982621
982873
982975
983145
983309
983402
983493
983509
983733
983741
983895
983949
983980
984239
984643
984675
984706
984952
985043
985153
985287
985332
985396
985459
985577
985589
985630
985674
985675
985718
985948
985987
986062
986234
986236
986514
986535
986655
987127
987260
987261
987474
987561
987721
987730
987740
987840
987896
988040
988068
988132
988364
988365
988390
988420
988545
988588
988588
988801
988897
989007
989155
989330
989423
989566
989609
989691
989857
989889
989906
990023
990149
990255
990306
990319
990524
990566
990571
990654
990815
990882
991084
991189
991255
991408
991489
991534
991917
992222
992246
992278
992364
992407
992435
992684
992988
993086
993127
993168
993510
993578
993585
993773
993944
993948
994001
994130
994527
994838
994870
994954
995034
995471
995550
995843
995865
996484
996499
996561
996604
996756
997221
997339
997704
997742
997745
997748
997983
998037
998189
998345
998480
998483
998516
998770
998778
998924
999036
999061
999184
999250
999258
999332
999343
999517
999669
999729
999779
-1